-5, -15, 0.501795120298
-5, -14, 0.501795120298
-5, -13, 0.501795120298
-5, -12, 0.501795120298
-5, -11, 0.501795120298
-5, -10, 0.501795120298
-5, -9, 0.501795120298
-5, -8, 0.501795120298
-5, -7, 0.584871519258
-5, -6, 0.704557184664
-5, -5, 0.701205604814
-5, -4, 0.701205604814
-5, -3, 0.701205604814
-5, -2, 0.705994886178
-5, -1, 0.719878538023
-5, 0, 0.725142857018
-5, 1, 0.730410041792
-5, 2, 0.738550911221
-5, 3, 0.742623636642
-4, -15, 0.501795120298
-4, -14, 0.501795120298
-4, -13, 0.501795120298
-4, -12, 0.501795120298
-4, -11, 0.501795120298
-4, -10, 0.501795120298
-4, -9, 0.501795120298
-4, -8, 0.592772575056
-4, -7, 0.704557184664
-4, -6, 0.701205604814
-4, -5, 0.701205604814
-4, -4, 0.701205604814
-4, -3, 0.705036800971
-4, -2, 0.720118346177
-4, -1, 0.725862281478
-4, 0, 0.72921043006
-4, 1, 0.738789001002
-4, 2, 0.745496744854
-4, 3, 0.753631306281
-3, -15, 0.501795120298
-3, -14, 0.501795120298
-3, -13, 0.501795120298
-3, -12, 0.501795120298
-3, -11, 0.501795120298
-3, -10, 0.501795120298
-3, -9, 0.594688174504
-3, -8, 0.704557184664
-3, -7, 0.701205604814
-3, -6, 0.701205604814
-3, -5, 0.701444839264
-3, -4, 0.704797566521
-3, -3, 0.718921594747
-3, -2, 0.725623047028
-3, -1, 0.729926991478
-3, 0, 0.739747659912
-3, 1, 0.746451964281
-3, 2, 0.753872261842
-3, 3, 0.758897914613
-2, -15, 0.501795120298
-2, -14, 0.501795120298
-2, -13, 0.501795120298
-2, -12, 0.501795120298
-2, -11, 0.501795120298
-2, -10, 0.596844153071
-2, -9, 0.704557184664
-2, -8, 0.701205604814
-2, -7, 0.701205604814
-2, -6, 0.701444839264
-2, -5, 0.704079860434
-2, -4, 0.718682360298
-2, -3, 0.726103237039
-2, -2, 0.731126603211
-2, -1, 0.741183643053
-2, 0, 0.747648712972
-2, 1, 0.756268622265
-2, 2, 0.762490447285
-2, 3, 0.769195325358
-1, -15, 0.501795120298
-1, -14, 0.501795120298
-1, -13, 0.501795120298
-1, -12, 0.501795120298
-1, -11, 0.598040901761
-1, -10, 0.704557184664
-1, -9, 0.701205604814
-1, -8, 0.701205604814
-1, -7, 0.701444839264
-1, -6, 0.703840625984
-1, -5, 0.718204465102
-1, -4, 0.728260363013
-1, -3, 0.733278576805
-1, -2, 0.744532357122
-1, -1, 0.753870543469
-1, 0, 0.758184795417
-1, 1, 0.764648146963
-1, 2, 0.771112069475
-1, 3, 0.783801264706
0, -15, 0.501795120298
0, -14, 0.501795120298
0, -13, 0.501795120298
0, -12, 0.598280709915
0, -11, 0.704317950214
0, -10, 0.701205604814
0, -9, 0.701205604814
0, -8, 0.701444839264
0, -7, 0.703840625984
0, -6, 0.717964085983
0, -5, 0.730414046764
0, -4, 0.735196462852
0, -3, 0.747405468073
0, -2, 0.755068439567
0, -1, 0.763451398272
0, 0, 0.767759915921
0, 1, 0.772070154681
0, 2, 0.783799535379
0, 3, 0.790029400467
1, -15, 0.501795120298
1, -14, 0.501795120298
1, -13, 0.598520518068
1, -12, 0.704317950214
1, -11, 0.701205604814
1, -10, 0.701205604814
1, -9, 0.701444839264
1, -8, 0.703601391534
1, -7, 0.717964085983
1, -6, 0.72993614883
1, -5, 0.736153400651
1, -4, 0.750039339097
1, -3, 0.760095805235
1, -2, 0.770871116652
1, -1, 0.776857717672
1, 0, 0.779970063072
1, 1, 0.785479339861
1, 2, 0.791231296061
1, 3, 0.793860593885
2, -15, 0.501795120298
2, -14, 0.598759752518
2, -13, 0.704317950214
2, -12, 0.701205604814
2, -11, 0.701205604814
2, -10, 0.701444839264
2, -9, 0.703601391534
2, -8, 0.71844370229
2, -7, 0.73041461773
2, -6, 0.737353012384
2, -5, 0.751711693645
2, -4, 0.762490441809
2, -3, 0.774465935924
2, -2, 0.780692927016
2, -1, 0.786199343502
2, 0, 0.788358756076
2, 1, 0.790989769535
2, 2, 0.795059058211
2, 3, 0.794098115439
3, -15, 0.598759752518
3, -14, 0.704317950214
3, -13, 0.701205604814
3, -12, 0.701205604814
3, -11, 0.701444839264
3, -10, 0.703601391534
3, -9, 0.717725998941
3, -8, 0.72993614883
3, -7, 0.739744788655
3, -6, 0.752914739385
3, -5, 0.765840874251
3, -4, 0.775663258319
3, -3, 0.785475908593
3, -2, 0.788595130222
3, -1, 0.790752250719
3, 0, 0.793387282843
3, 1, 0.795538671779
3, 2, 0.793145177136
3, 3, 0.795056203384
4, -15, 0.704317950214
4, -14, 0.701205604814
4, -13, 0.701205604814
4, -12, 0.701444839264
4, -11, 0.703601391534
4, -10, 0.717725998941
4, -9, 0.730653854918
4, -8, 0.740700008081
4, -7, 0.753392637319
4, -6, 0.767035901831
4, -5, 0.776139432404
4, -4, 0.784039351748
4, -3, 0.789071307045
4, -2, 0.791710912368
4, -1, 0.795543835113
4, 0, 0.794822115837
4, 1, 0.79554039289
4, 2, 0.79625466771
4, 3, 0.796971231867
5, -15, 0.701205604814
5, -14, 0.701205604814
5, -13, 0.701444839264
5, -12, 0.703601391534
5, -11, 0.717725998941
5, -10, 0.730653854918
5, -9, 0.740940960904
5, -8, 0.754110917111
5, -7, 0.768473035117
5, -6, 0.776856562049
5, -5, 0.782842600319
5, -4, 0.788113790066
5, -3, 0.792903076906
5, -2, 0.796259246386
5, -1, 0.798173127461
5, 0, 0.797216186923
5, 1, 0.797695224049
5, 2, 0.79673714432
5, 3, 0.79673199194
6, -15, 0.701205604814
6, -14, 0.701444839264
6, -13, 0.703601391534
6, -12, 0.717965807094
6, -11, 0.730893089368
6, -10, 0.741421148176
6, -9, 0.75458824408
6, -8, 0.767515523615
6, -7, 0.775658674166
6, -6, 0.783798398926
6, -5, 0.787871695313
6, -4, 0.791942702361
6, -3, 0.794102117673
6, -2, 0.794581163015
6, -1, 0.799372162751
6, 0, 0.796258098978
6, 1, 0.796258101717
6, 2, 0.797451416401
6, 3, 0.79386002292
7, -15, 0.701444839264
7, -14, 0.703601391534
7, -13, 0.717965807094
7, -12, 0.730893089368
7, -11, 0.741660956329
7, -10, 0.754827478529
7, -9, 0.767754758064
7, -8, 0.774939252444
7, -7, 0.783078977204
7, -6, 0.788110929762
7, -5, 0.789789015871
7, -4, 0.793862312258
7, -3, 0.797218473523
7, -2, 0.799133499267
7, -1, 0.79793503768
7, 0, 0.797456563303
7, 1, 0.798653322948
7, 2, 0.796252949337
7, 3, 0.79577447496
8, -15, 0.703601391534
8, -14, 0.717965807094
8, -13, 0.730893089368
8, -12, 0.74142172188
8, -11, 0.755784990032
8, -10, 0.767756473699
8, -9, 0.775897337651
8, -8, 0.783318785357
8, -7, 0.787149976037
8, -6, 0.790985193597
8, -5, 0.794336770709
8, -4, 0.796498478097
8, -3, 0.799134643936
8, -2, 0.800091584473
8, -1, 0.800091016246
8, 0, 0.798412938352
8, 1, 0.79960911334
8, 2, 0.796970652686
8, 3, 0.793144032467
9, -15, 0.717965807094
9, -14, 0.730893089368
9, -13, 0.74142172188
9, -12, 0.755784990032
9, -11, 0.767278004799
9, -10, 0.775897911354
9, -9, 0.782361273854
9, -8, 0.786670936172
9, -7, 0.790744235298
9, -6, 0.793617925429
9, -5, 0.794339062785
9, -4, 0.79865388296
9, -3, 0.801050814348
9, -2, 0.800571777222
9, -1, 0.798416946063
9, 0, 0.799370452594
9, 1, 0.798169690715
9, 2, 0.794577731746
9, 3, 0.792666705498
10, -15, 0.730893089368
10, -14, 0.74142172188
10, -13, 0.755545181879
10, -12, 0.767278004799
10, -11, 0.775418868751
10, -10, 0.781882802217
10, -9, 0.785952088154
10, -8, 0.788588253993
10, -7, 0.791698312794
10, -6, 0.792662126822
10, -5, 0.796498478097
10, -4, 0.79985177632
10, -3, 0.801049095976
10, -2, 0.800571206257
10, -1, 0.797696374195
10, 0, 0.79793275108
10, 1, 0.796971800094
10, 2, 0.795055618727
10, 3, 0.788834938376
11, -15, 0.74142172188
11, -14, 0.755305947429
11, -13, 0.767277431096
11, -12, 0.775417721344
11, -11, 0.782122036666
11, -10, 0.785714001112
11, -9, 0.789065580962
11, -8, 0.791698883759
11, -7, 0.794573721297
11, -6, 0.79409925737
11, -5, 0.800090439804
11, -4, 0.800330816184
11, -3, 0.801289480571
11, -2, 0.800092737357
11, -1, 0.798416377836
11, 0, 0.797928166927
11, 1, 0.795055626942
11, 2, 0.794576005158
11, 3, 0.792664424375
12, -15, 0.755784990032
12, -14, 0.767517239249
12, -13, 0.775657529497
12, -12, 0.782839740016
12, -11, 0.785474192958
12, -10, 0.788826346512
12, -9, 0.790498698322
12, -8, 0.791459078344
12, -7, 0.795056768873
12, -6, 0.795538677256
12, -5, 0.799132351859
12, -4, 0.801767378506
12, -3, 0.800809293299
12, -2, 0.798892551921
12, -1, 0.80032739587
12, 0, 0.796490465414
12, 1, 0.795055047762
12, 2, 0.792662121345
12, 3, 0.78620279394
13, -15, 0.767276286427
13, -14, 0.774940399851
13, -13, 0.782360697412
13, -12, 0.785473619255
13, -11, 0.789065007258
13, -10, 0.791216975375
13, -9, 0.792654676889
13, -8, 0.795052190197
13, -7, 0.793858304548
13, -6, 0.799132928301
13, -5, 0.799612539131
13, -4, 0.802486232001
13, -3, 0.801049677895
13, -2, 0.797933895749
13, -1, 0.799128357841
13, 0, 0.794818108127
13, 1, 0.795778479933
13, 2, 0.791224428047
13, 3, 0.78189083133
14, -15, 0.774939826148
14, -14, 0.783319356323
14, -13, 0.785713427408
14, -12, 0.790738509214
14, -11, 0.790259463873
14, -10, 0.792413724066
14, -9, 0.793851999284
14, -8, 0.796251801929
14, -7, 0.795061350287
14, -6, 0.798654456663
14, -5, 0.800329676992
14, -4, 0.803203940827
14, -3, 0.799611973643
14, -2, 0.800569490623
14, -1, 0.797448547882
14, 0, 0.794578302712
14, 1, 0.796254656756
14, 2, 0.790990354192
14, 3, 0.776139446096
15, -15, 0.782360123709
15, -14, 0.786191899046
15, -13, 0.791216978114
15, -12, 0.790977167222
15, -11, 0.793129711781
15, -10, 0.793133722231
15, -9, 0.794812379305
15, -8, 0.794098683666
15, -7, 0.798655033105
15, -6, 0.800330821661
15, -5, 0.802726608381
15, -4, 0.80128719671
15, -3, 0.800570058849
15, -2, 0.798890262583
15, -1, 0.796969508017
15, 0, 0.794815810573
15, 1, 0.793860020182
15, 2, 0.788835512079
15, 3, 0.769918757529
