-5, -15, 0.576145470702
-5, -14, 0.576145470702
-5, -13, 0.576145470702
-5, -12, 0.576145470702
-5, -11, 0.576145470702
-5, -10, 0.576145470702
-5, -9, 0.576145470702
-5, -8, 0.582763495265
-5, -7, 0.641018265138
-5, -6, 0.703346714812
-5, -5, 0.768291442094
-5, -4, 0.812218089497
-5, -3, 0.842108317485
-5, -2, 0.85912676719
-5, -1, 0.870035596598
-5, 0, 0.87403554459
-5, 1, 0.876507531597
-5, 2, 0.874761970728
-5, 3, 0.865816884084
-4, -15, 0.576145470702
-4, -14, 0.576145470702
-4, -13, 0.576145470702
-4, -12, 0.576145470702
-4, -11, 0.576145470702
-4, -10, 0.576145470702
-4, -9, 0.582908949888
-4, -8, 0.641090992411
-4, -7, 0.703492169435
-4, -6, 0.768873207422
-4, -5, 0.812581620152
-4, -4, 0.842399067859
-4, -3, 0.86101751818
-4, -2, 0.871708694619
-4, -1, 0.876290407938
-4, 0, 0.877744424929
-4, 1, 0.879271433308
-4, 2, 0.879053039997
-4, 3, 0.873308217701
-3, -15, 0.576145470702
-3, -14, 0.576145470702
-3, -13, 0.576145470702
-3, -12, 0.576145470702
-3, -11, 0.576145470702
-3, -10, 0.583127184637
-3, -9, 0.641163613976
-3, -8, 0.703492169435
-3, -7, 0.769309571135
-3, -6, 0.813381567375
-3, -5, 0.843053401898
-3, -4, 0.862254040994
-3, -3, 0.872435808783
-3, -2, 0.877526877745
-3, -1, 0.878617575342
-3, 0, 0.88050822047
-3, 1, 0.881598706497
-3, 2, 0.88087148647
-3, 3, 0.876581263406
-2, -15, 0.576145470702
-2, -14, 0.576145470702
-2, -13, 0.576145470702
-2, -12, 0.576145470702
-2, -11, 0.583127184637
-2, -10, 0.641090939557
-2, -9, 0.703564843853
-2, -8, 0.769382298408
-2, -7, 0.813599855055
-2, -6, 0.84356249296
-2, -5, 0.862690457484
-2, -4, 0.872290354392
-2, -3, 0.877817892621
-2, -2, 0.879563188835
-2, -1, 0.880072015396
-2, 0, 0.881017046955
-2, 1, 0.882544267059
-2, 2, 0.882181000597
-2, 3, 0.879054626621
-1, -15, 0.576145470702
-1, -14, 0.576145470702
-1, -13, 0.576145470702
-1, -12, 0.58319991191
-1, -11, 0.641163613976
-1, -10, 0.703710245545
-1, -9, 0.769309518204
-1, -8, 0.813599907986
-1, -7, 0.843489712834
-1, -6, 0.862472169958
-1, -5, 0.872581157698
-1, -4, 0.878690673055
-1, -3, 0.88050853798
-1, -2, 0.879854150934
-1, -1, 0.881380842265
-1, 0, 0.882326614397
-1, 1, 0.882617258756
-1, 2, 0.882908961582
-1, 3, 0.881308326101
0, -15, 0.576145470702
0, -14, 0.576145470702
0, -13, 0.58319991191
0, -12, 0.641236394179
0, -11, 0.703637518272
0, -10, 0.769309518204
0, -9, 0.813890764223
0, -8, 0.843562387252
0, -7, 0.862181155005
0, -6, 0.873090301615
0, -5, 0.878835810168
0, -4, 0.881308538057
0, -3, 0.880363030349
0, -2, 0.881526349665
0, -1, 0.882471804518
0, 0, 0.88334484907
0, 1, 0.884290515493
0, 2, 0.883418157968
0, 3, 0.881309013667
1, -15, 0.576145470702
1, -14, 0.58319991191
1, -13, 0.641236394179
1, -12, 0.703637518272
1, -11, 0.769309518204
1, -10, 0.813890764223
1, -9, 0.843707841798
1, -8, 0.861890245837
1, -7, 0.873163081818
1, -6, 0.878835598598
1, -5, 0.881599605864
1, -4, 0.880217417087
1, -3, 0.881308326486
1, -2, 0.882398812744
1, -1, 0.883344796292
1, 0, 0.883126349973
1, 1, 0.88530880325
1, 2, 0.88327233329
1, 3, 0.8798536217
2, -15, 0.58319991191
2, -14, 0.641236394179
2, -13, 0.703783025748
2, -12, 0.769309518204
2, -11, 0.813963491496
2, -10, 0.843707841798
2, -9, 0.861744844146
2, -8, 0.873163081742
2, -7, 0.878835545744
2, -6, 0.881672227351
2, -5, 0.879708326255
2, -4, 0.880581371114
2, -3, 0.882108273863
2, -2, 0.882980789719
2, -1, 0.883635493967
2, 0, 0.884290515493
2, 1, 0.885163454567
2, 2, 0.881599341054
2, 3, 0.87592682389
3, -15, 0.641236394179
3, -14, 0.703783025748
3, -13, 0.769309518204
3, -12, 0.813963491496
3, -11, 0.843707841798
3, -10, 0.861744844146
3, -9, 0.873017574265
3, -8, 0.878908325948
3, -7, 0.881308643842
3, -6, 0.879926243572
3, -5, 0.879999658564
3, -4, 0.88116281901
3, -3, 0.882617100501
3, -2, 0.88392672049
3, -1, 0.883781318645
3, 0, 0.885526932291
3, 1, 0.884290621278
3, 2, 0.879490249684
3, 3, 0.871780786565
4, -15, 0.703783025748
4, -14, 0.769309518204
4, -13, 0.813963491496
4, -12, 0.84378056907
4, -11, 0.861817571418
4, -10, 0.872944794061
4, -9, 0.878908273093
4, -8, 0.880944848762
4, -7, 0.879853463368
4, -6, 0.879272279898
4, -5, 0.879926878283
4, -4, 0.882108115147
4, -3, 0.883271910457
4, -2, 0.882908220932
4, -1, 0.883344690353
4, 0, 0.884581636077
4, 1, 0.882472491776
4, 2, 0.874763081742
4, 3, 0.863926292349
5, -15, 0.769309518204
5, -14, 0.813963491496
5, -13, 0.84378056907
5, -12, 0.861817571418
5, -11, 0.872944794061
5, -10, 0.878835545821
5, -9, 0.881017523103
5, -8, 0.879926243341
5, -7, 0.879272385683
5, -6, 0.879563294697
5, -5, 0.880653569461
5, -4, 0.882180736788
5, -3, 0.88378116016
5, -2, 0.883199236039
5, -1, 0.883999288893
5, 0, 0.883563136827
5, 1, 0.878763293697
5, 2, 0.869745798213
5, 3, 0.856507843567
6, -15, 0.813890817077
6, -14, 0.84378056907
6, -13, 0.861817571418
6, -12, 0.872944794061
6, -11, 0.878835545821
6, -10, 0.880944848762
6, -9, 0.879635440036
6, -8, 0.879272226967
6, -7, 0.879417681435
6, -6, 0.879708431964
6, -5, 0.881744478783
6, -4, 0.883199130253
6, -3, 0.883199235962
6, -2, 0.882908326794
6, -1, 0.883708221086
6, 0, 0.882836128447
6, 1, 0.875272014088
6, 2, 0.864072646337
6, 3, 0.849017356309
7, -15, 0.84378056907
7, -14, 0.861890245837
7, -13, 0.873017521334
7, -12, 0.878835545821
7, -11, 0.880944795908
7, -10, 0.87948998549
7, -9, 0.879272121181
7, -8, 0.879854098156
7, -7, 0.879272174189
7, -6, 0.880871539709
7, -5, 0.882035229311
7, -4, 0.883780895812
7, -3, 0.88370838011
7, -2, 0.883562501962
7, -1, 0.882908591218
7, 0, 0.880726666405
7, 1, 0.871999867903
7, 2, 0.858544842838
7, 3, 0.845162862785
8, -15, 0.861817571418
8, -14, 0.873162975956
8, -13, 0.878762871402
8, -12, 0.880944795908
8, -11, 0.879344477937
8, -10, 0.878763083049
8, -9, 0.879708379109
8, -8, 0.879344954316
8, -7, 0.879490197214
8, -6, 0.881817206056
8, -5, 0.882908379879
8, -4, 0.883635335251
8, -3, 0.883053834424
8, -2, 0.883344690584
8, -1, 0.882399870673
8, 0, 0.877308166154
8, 1, 0.866181261713
8, 2, 0.852435063056
8, 3, 0.839999595247
9, -15, 0.873090248607
9, -14, 0.878835545821
9, -13, 0.880944795908
9, -12, 0.879199023391
9, -11, 0.878908431887
9, -10, 0.879490197214
9, -9, 0.879199340978
9, -8, 0.879417575804
9, -7, 0.881089827389
9, -6, 0.882035440805
9, -5, 0.883708221393
9, -4, 0.884144743823
9, -3, 0.882617258987
9, -2, 0.881963083819
9, -1, 0.881599764734
9, 0, 0.873090195214
9, 1, 0.860581683469
9, 2, 0.846108476124
9, 3, 0.834617617502
10, -15, 0.878835598675
10, -14, 0.880872068635
10, -13, 0.879344530868
10, -12, 0.878908537672
10, -11, 0.879199288047
10, -10, 0.879199340978
10, -9, 0.879272174035
10, -8, 0.879781106459
10, -7, 0.881962660678
10, -6, 0.883053781647
10, -5, 0.88319913033
10, -4, 0.882835705691
10, -3, 0.882326032386
10, -2, 0.881890409169
10, -1, 0.878762712378
10, 0, 0.870617890159
10, 1, 0.858181259636
10, 2, 0.839853770568
10, 3, 0.83200038752
11, -15, 0.880799341362
11, -14, 0.879199023391
11, -13, 0.878908643457
11, -12, 0.879271962465
11, -11, 0.879126507997
11, -10, 0.879199288123
11, -9, 0.879417575804
11, -8, 0.881089668673
11, -7, 0.882181001212
11, -6, 0.883562661063
11, -5, 0.883272069097
11, -4, 0.882035758314
11, -3, 0.881817629273
11, -2, 0.882181265791
11, -1, 0.876362394022
11, 0, 0.865453459675
11, 1, 0.852289291155
11, 2, 0.835926337971
11, 3, 0.828728346735
12, -15, 0.879344478014
12, -14, 0.878763083126
12, -13, 0.879344689738
12, -12, 0.87912650792
12, -11, 0.879126560851
12, -10, 0.879708590603
12, -9, 0.879271962619
12, -8, 0.881308009208
12, -7, 0.883126350281
12, -6, 0.88356308405
12, -5, 0.883053570231
12, -4, 0.882180524987
12, -3, 0.88065404561
12, -2, 0.881017364541
12, -1, 0.871927246108
12, 0, 0.860363342473
12, 1, 0.845889236993
12, 2, 0.833454032762
12, 3, 0.825964603663
13, -15, 0.879053939363
13, -14, 0.879562977341
13, -13, 0.879199340978
13, -12, 0.879271962388
13, -11, 0.879272121181
13, -10, 0.879272174112
13, -9, 0.880798812359
13, -8, 0.881671857218
13, -7, 0.883271910611
13, -6, 0.882835758468
13, -5, 0.882253675708
13, -4, 0.881526349665
13, -3, 0.881599658872
13, -2, 0.879345006632
13, -1, 0.871417573496
13, 0, 0.854909113451
13, 1, 0.841307681927
13, 2, 0.82930804806
13, 3, 0.82530979363
14, -15, 0.879271962542
14, -14, 0.87912671949
14, -13, 0.879199235115
14, -12, 0.879417417087
14, -11, 0.879708484818
14, -10, 0.879344689815
14, -9, 0.881380683703
14, -8, 0.882907956738
14, -7, 0.883053781493
14, -6, 0.882690092199
14, -5, 0.881526138325
14, -4, 0.88036297788
14, -3, 0.881381265483
14, -2, 0.875780787488
14, -1, 0.865817201517
14, 0, 0.85156349942
14, 1, 0.838180566839
14, 2, 0.82465440074
14, 3, 0.821454771258
15, -15, 0.879490091429
15, -14, 0.878981000443
15, -13, 0.879199182261
15, -12, 0.879199288047
15, -11, 0.879563030195
15, -10, 0.880290144437
15, -9, 0.88152640275
15, -8, 0.883635705768
15, -7, 0.884363084357
15, -6, 0.881599130253
15, -5, 0.880798600789
15, -4, 0.880508379417
15, -3, 0.881598706266
15, -2, 0.873308165616
15, -1, 0.86174473813
15, 0, 0.84705345529
15, 1, 0.833599646716
15, 2, 0.821890710907
15, 3, 0.821963439257
