-5, -15, 0.55559666975
-5, -14, 0.55559666975
-5, -13, 0.55559666975
-5, -12, 0.55559666975
-5, -11, 0.55559666975
-5, -10, 0.55559666975
-5, -9, 0.55559666975
-5, -8, 0.55559666975
-5, -7, 0.55559666975
-5, -6, 0.55559666975
-5, -5, 0.55559666975
-5, -4, 0.55559666975
-5, -3, 0.55559666975
-5, -2, 0.55559666975
-5, -1, 0.649629972248
-5, 0, 0.664662349676
-5, 1, 0.658233117484
-5, 2, 0.624005550416
-5, 3, 0.55559666975
-4, -15, 0.55559666975
-4, -14, 0.55559666975
-4, -13, 0.55559666975
-4, -12, 0.55559666975
-4, -11, 0.55559666975
-4, -10, 0.55559666975
-4, -9, 0.55559666975
-4, -8, 0.55559666975
-4, -7, 0.55559666975
-4, -6, 0.55559666975
-4, -5, 0.55559666975
-4, -4, 0.55559666975
-4, -3, 0.55559666975
-4, -2, 0.666697502313
-4, -1, 0.741443108233
-4, 0, 0.747964847364
-4, 1, 0.773635522664
-4, 2, 0.803376503238
-4, 3, 0.807770582794
-3, -15, 0.55559666975
-3, -14, 0.55559666975
-3, -13, 0.55559666975
-3, -12, 0.55559666975
-3, -11, 0.55559666975
-3, -10, 0.55559666975
-3, -9, 0.55559666975
-3, -8, 0.55559666975
-3, -7, 0.55559666975
-3, -6, 0.55559666975
-3, -5, 0.55559666975
-3, -4, 0.561979648474
-3, -3, 0.702960222017
-3, -2, 0.752266419981
-3, -1, 0.754532839963
-3, 0, 0.790749306198
-3, 1, 0.775763182239
-3, 2, 0.814107308048
-3, 3, 0.835383903793
-2, -15, 0.55559666975
-2, -14, 0.55559666975
-2, -13, 0.55559666975
-2, -12, 0.55559666975
-2, -11, 0.55559666975
-2, -10, 0.55559666975
-2, -9, 0.55559666975
-2, -8, 0.55559666975
-2, -7, 0.55559666975
-2, -6, 0.55559666975
-2, -5, 0.604856614246
-2, -4, 0.707169287697
-2, -3, 0.743755781684
-2, -2, 0.745929694727
-2, -1, 0.754394079556
-2, 0, 0.769333950046
-2, 1, 0.799167437558
-2, 2, 0.829047178538
-2, 3, 0.837557816836
-1, -15, 0.55559666975
-1, -14, 0.55559666975
-1, -13, 0.55559666975
-1, -12, 0.55559666975
-1, -11, 0.55559666975
-1, -10, 0.55559666975
-1, -9, 0.55559666975
-1, -8, 0.55559666975
-1, -7, 0.55559666975
-1, -6, 0.613506012951
-1, -5, 0.724375578168
-1, -4, 0.743755781684
-1, -3, 0.743755781684
-1, -2, 0.74158186864
-1, -1, 0.762950971323
-1, 0, 0.784273820537
-1, 1, 0.807631822387
-1, 2, 0.837557816836
-1, 3, 0.837511563367
0, -15, 0.55559666975
0, -14, 0.55559666975
0, -13, 0.55559666975
0, -12, 0.55559666975
0, -11, 0.55559666975
0, -10, 0.55559666975
0, -9, 0.55559666975
0, -8, 0.55559666975
0, -7, 0.626271970398
0, -6, 0.726503237743
0, -5, 0.743755781684
0, -4, 0.743755781684
0, -3, 0.743755781684
0, -2, 0.743709528215
0, -1, 0.777844588344
0, 0, 0.792784458834
0, 1, 0.826919518964
0, 2, 0.843894542091
0, 3, 0.841859389454
1, -15, 0.55559666975
1, -14, 0.55559666975
1, -13, 0.55559666975
1, -12, 0.55559666975
1, -11, 0.55559666975
1, -10, 0.55559666975
1, -9, 0.55559666975
1, -8, 0.63691026827
1, -7, 0.726503237743
1, -6, 0.743755781684
1, -5, 0.743755781684
1, -4, 0.743755781684
1, -3, 0.743755781684
1, -2, 0.760869565217
1, -1, 0.773589269195
1, 0, 0.807678075856
1, 1, 0.83316373728
1, 2, 0.846022201665
1, 3, 0.844079555967
2, -15, 0.55559666975
2, -14, 0.55559666975
2, -13, 0.55559666975
2, -12, 0.55559666975
2, -11, 0.55559666975
2, -10, 0.55559666975
2, -9, 0.641165587419
2, -8, 0.726503237743
2, -7, 0.743755781684
2, -6, 0.743755781684
2, -5, 0.743755781684
2, -4, 0.743755781684
2, -3, 0.750185013876
2, -2, 0.786401480111
2, -1, 0.794958371878
2, 0, 0.820444033302
2, 1, 0.839639222942
2, 2, 0.846114708603
2, 3, 0.844079555967
3, -15, 0.55559666975
3, -14, 0.55559666975
3, -13, 0.55559666975
3, -12, 0.55559666975
3, -11, 0.55559666975
3, -10, 0.641165587419
3, -9, 0.726503237743
3, -8, 0.743755781684
3, -7, 0.743755781684
3, -6, 0.743755781684
3, -5, 0.743755781684
3, -4, 0.743755781684
3, -3, 0.758741905643
3, -2, 0.782192414431
3, -1, 0.824791859389
3, 0, 0.833256244218
3, 1, 0.831128584644
3, 2, 0.856891766883
3, 3, 0.846160962072
4, -15, 0.55559666975
4, -14, 0.55559666975
4, -13, 0.55559666975
4, -12, 0.55559666975
4, -11, 0.641165587419
4, -10, 0.726503237743
4, -9, 0.743755781684
4, -8, 0.743755781684
4, -7, 0.743755781684
4, -6, 0.743755781684
4, -5, 0.743755781684
4, -4, 0.750138760407
4, -3, 0.788575393154
4, -2, 0.807770582794
4, -1, 0.829000925069
4, 0, 0.831174838113
4, 1, 0.841905642923
4, 2, 0.848334875116
4, 3, 0.835430157262
5, -15, 0.55559666975
5, -14, 0.55559666975
5, -13, 0.55559666975
5, -12, 0.641165587419
5, -11, 0.726503237743
5, -10, 0.743755781684
5, -9, 0.743755781684
5, -8, 0.743755781684
5, -7, 0.743755781684
5, -6, 0.743755781684
5, -5, 0.745883441258
5, -4, 0.767252543941
5, -3, 0.788575393154
5, -2, 0.826965772433
5, -1, 0.826873265495
5, 0, 0.8289546716
5, 1, 0.85467160037
5, 2, 0.848288621647
5, 3, 0.852590194265
6, -15, 0.55559666975
6, -14, 0.55559666975
6, -13, 0.641165587419
6, -12, 0.726503237743
6, -11, 0.743755781684
6, -10, 0.743755781684
6, -9, 0.743755781684
6, -8, 0.743755781684
6, -7, 0.743755781684
6, -6, 0.743755781684
6, -5, 0.754440333025
6, -4, 0.788575393154
6, -3, 0.801341350601
6, -2, 0.824838112858
6, -1, 0.826919518964
6, 0, 0.831128584644
6, 1, 0.856845513414
6, 2, 0.863228492137
6, 3, 0.852590194265
7, -15, 0.55559666975
7, -14, 0.641165587419
7, -13, 0.73085106383
7, -12, 0.743755781684
7, -11, 0.743755781684
7, -10, 0.743755781684
7, -9, 0.743755781684
7, -8, 0.743755781684
7, -7, 0.743755781684
7, -6, 0.745883441258
7, -5, 0.775763182239
7, -4, 0.794958371878
7, -3, 0.818408880666
7, -2, 0.835476410731
7, -1, 0.820444033302
7, 0, 0.841674375578
7, 1, 0.854717853839
7, 2, 0.858973172988
7, 3, 0.848381128585
8, -15, 0.641165587419
8, -14, 0.73085106383
8, -13, 0.743755781684
8, -12, 0.743755781684
8, -11, 0.743755781684
8, -10, 0.743755781684
8, -9, 0.743755781684
8, -8, 0.743755781684
8, -7, 0.743755781684
8, -6, 0.754440333025
8, -5, 0.784273820537
8, -4, 0.809851988899
8, -3, 0.824838112858
8, -2, 0.831174838113
8, -1, 0.822479185939
8, 0, 0.856799259944
8, 1, 0.859019426457
8, 2, 0.85467160037
8, 3, 0.83973172988
9, -15, 0.728677150786
9, -14, 0.743755781684
9, -13, 0.743755781684
9, -12, 0.743755781684
9, -11, 0.743755781684
9, -10, 0.743755781684
9, -9, 0.743755781684
9, -8, 0.743755781684
9, -7, 0.745883441258
9, -6, 0.780018501388
9, -5, 0.797086031452
9, -4, 0.818408880666
9, -3, 0.822664199815
9, -2, 0.829047178538
9, -1, 0.831036077706
9, 0, 0.856799259944
9, 1, 0.856891766883
9, 2, 0.848242368178
9, 3, 0.829047178538
10, -15, 0.743755781684
10, -14, 0.743755781684
10, -13, 0.743755781684
10, -12, 0.743755781684
10, -11, 0.743755781684
10, -10, 0.743755781684
10, -9, 0.743755781684
10, -8, 0.743755781684
10, -7, 0.754440333025
10, -6, 0.784273820537
10, -5, 0.809851988899
10, -4, 0.820536540241
10, -3, 0.829047178538
10, -2, 0.822617946346
10, -1, 0.846022201665
10, 0, 0.856845513414
10, 1, 0.863274745606
10, 2, 0.841859389454
10, 3, 0.826919518964
11, -15, 0.743755781684
11, -14, 0.743755781684
11, -13, 0.743755781684
11, -12, 0.743755781684
11, -11, 0.743755781684
11, -10, 0.743755781684
11, -9, 0.743755781684
11, -8, 0.745883441258
11, -7, 0.782192414431
11, -6, 0.80138760407
11, -5, 0.814107308048
11, -4, 0.820490286772
11, -3, 0.833348751156
11, -2, 0.831082331175
11, -1, 0.850323774283
11, 0, 0.852590194265
11, 1, 0.852497687327
11, 2, 0.839824236818
11, 3, 0.833302497687
12, -15, 0.743755781684
12, -14, 0.743755781684
12, -13, 0.743755781684
12, -12, 0.743755781684
12, -11, 0.743755781684
12, -10, 0.743755781684
12, -9, 0.743755781684
12, -8, 0.754440333025
12, -7, 0.784273820537
12, -6, 0.809851988899
12, -5, 0.820536540241
12, -4, 0.822617946346
12, -3, 0.829047178538
12, -2, 0.833209990749
12, -1, 0.852497687327
12, 0, 0.848334875116
12, 1, 0.844033302498
12, 2, 0.831221091582
12, 3, 0.837511563367
13, -15, 0.743755781684
13, -14, 0.743755781684
13, -13, 0.743755781684
13, -12, 0.743755781684
13, -11, 0.743755781684
13, -10, 0.743755781684
13, -9, 0.745883441258
13, -8, 0.782146160962
13, -7, 0.803515263645
13, -6, 0.811979648474
13, -5, 0.816234967623
13, -4, 0.824791859389
13, -3, 0.829000925069
13, -2, 0.837511563367
13, -1, 0.858926919519
13, 0, 0.848334875116
13, 1, 0.850508788159
13, 2, 0.831267345051
13, 3, 0.835430157262
14, -15, 0.743755781684
14, -14, 0.743755781684
14, -13, 0.743755781684
14, -12, 0.743755781684
14, -11, 0.743755781684
14, -10, 0.743755781684
14, -9, 0.754440333025
14, -8, 0.780018501388
14, -7, 0.809851988899
14, -6, 0.816281221092
14, -5, 0.818362627197
14, -4, 0.833348751156
14, -3, 0.829000925069
14, -2, 0.846022201665
14, -1, 0.848242368178
14, 0, 0.856845513414
14, 1, 0.839824236818
14, 2, 0.841951896392
14, 3, 0.835430157262
15, -15, 0.743755781684
15, -14, 0.743755781684
15, -13, 0.743755781684
15, -12, 0.743755781684
15, -11, 0.743755781684
15, -10, 0.745883441258
15, -9, 0.782146160962
15, -8, 0.805642923219
15, -7, 0.80980573543
15, -6, 0.818316373728
15, -5, 0.822617946346
15, -4, 0.829000925069
15, -3, 0.835430157262
15, -2, 0.84814986124
15, -1, 0.850416281221
15, 0, 0.856891766883
15, 1, 0.833441258094
15, 2, 0.83131359852
15, 3, 0.826827012026
