-5, -15, 0.912731152205
-5, -14, 0.912731152205
-5, -13, 0.912731152205
-5, -12, 0.912731152205
-5, -11, 0.912731152205
-5, -10, 0.912731152205
-5, -9, 0.912731152205
-5, -8, 0.912731152205
-5, -7, 0.912731152205
-5, -6, 0.912731152205
-5, -5, 0.912731152205
-5, -4, 0.912731152205
-5, -3, 0.912731152205
-5, -2, 0.912731152205
-5, -1, 0.912731152205
-5, 0, 0.912731152205
-5, 1, 0.912731152205
-5, 2, 0.912731152205
-5, 3, 0.912731152205
-4, -15, 0.912731152205
-4, -14, 0.912731152205
-4, -13, 0.912731152205
-4, -12, 0.912731152205
-4, -11, 0.912731152205
-4, -10, 0.912731152205
-4, -9, 0.912731152205
-4, -8, 0.912731152205
-4, -7, 0.912731152205
-4, -6, 0.912731152205
-4, -5, 0.912731152205
-4, -4, 0.912731152205
-4, -3, 0.912731152205
-4, -2, 0.912731152205
-4, -1, 0.912731152205
-4, 0, 0.912731152205
-4, 1, 0.912731152205
-4, 2, 0.912731152205
-4, 3, 0.912731152205
-3, -15, 0.912731152205
-3, -14, 0.912731152205
-3, -13, 0.912731152205
-3, -12, 0.912731152205
-3, -11, 0.912731152205
-3, -10, 0.912731152205
-3, -9, 0.912731152205
-3, -8, 0.912731152205
-3, -7, 0.912731152205
-3, -6, 0.912731152205
-3, -5, 0.912731152205
-3, -4, 0.912731152205
-3, -3, 0.912731152205
-3, -2, 0.912731152205
-3, -1, 0.912731152205
-3, 0, 0.912731152205
-3, 1, 0.912731152205
-3, 2, 0.912731152205
-3, 3, 0.912731152205
-2, -15, 0.912731152205
-2, -14, 0.912731152205
-2, -13, 0.912731152205
-2, -12, 0.912731152205
-2, -11, 0.912731152205
-2, -10, 0.912731152205
-2, -9, 0.912731152205
-2, -8, 0.912731152205
-2, -7, 0.912731152205
-2, -6, 0.912731152205
-2, -5, 0.912731152205
-2, -4, 0.912731152205
-2, -3, 0.912731152205
-2, -2, 0.912731152205
-2, -1, 0.912731152205
-2, 0, 0.912731152205
-2, 1, 0.912731152205
-2, 2, 0.912731152205
-2, 3, 0.912731152205
-1, -15, 0.912731152205
-1, -14, 0.912731152205
-1, -13, 0.912731152205
-1, -12, 0.912731152205
-1, -11, 0.912731152205
-1, -10, 0.912731152205
-1, -9, 0.912731152205
-1, -8, 0.912731152205
-1, -7, 0.912731152205
-1, -6, 0.912731152205
-1, -5, 0.912731152205
-1, -4, 0.912731152205
-1, -3, 0.912731152205
-1, -2, 0.912731152205
-1, -1, 0.912731152205
-1, 0, 0.912731152205
-1, 1, 0.912731152205
-1, 2, 0.912731152205
-1, 3, 0.912731152205
0, -15, 0.912731152205
0, -14, 0.912731152205
0, -13, 0.912731152205
0, -12, 0.912731152205
0, -11, 0.912731152205
0, -10, 0.912731152205
0, -9, 0.912731152205
0, -8, 0.912731152205
0, -7, 0.912731152205
0, -6, 0.912731152205
0, -5, 0.912731152205
0, -4, 0.912731152205
0, -3, 0.912731152205
0, -2, 0.912731152205
0, -1, 0.912731152205
0, 0, 0.910099573257
0, 1, 0.910099573257
0, 2, 0.910099573257
0, 3, 0.912731152205
1, -15, 0.912731152205
1, -14, 0.912731152205
1, -13, 0.912731152205
1, -12, 0.912731152205
1, -11, 0.912731152205
1, -10, 0.912731152205
1, -9, 0.912731152205
1, -8, 0.912731152205
1, -7, 0.912731152205
1, -6, 0.912731152205
1, -5, 0.912731152205
1, -4, 0.912731152205
1, -3, 0.912731152205
1, -2, 0.912731152205
1, -1, 0.90732179548
1, 0, 0.891022601549
1, 1, 0.885542121068
1, 2, 0.888319898846
1, 3, 0.893654180496
2, -15, 0.912731152205
2, -14, 0.912731152205
2, -13, 0.912731152205
2, -12, 0.912731152205
2, -11, 0.912731152205
2, -10, 0.912731152205
2, -9, 0.912731152205
2, -8, 0.912731152205
2, -7, 0.912731152205
2, -6, 0.912731152205
2, -5, 0.912731152205
2, -4, 0.912731152205
2, -3, 0.912731152205
2, -2, 0.90732179548
2, -1, 0.888244823771
2, 0, 0.874723407618
2, 1, 0.863616247827
2, 2, 0.871728307255
2, 3, 0.888173700016
3, -15, 0.912731152205
3, -14, 0.912731152205
3, -13, 0.912731152205
3, -12, 0.912731152205
3, -11, 0.912731152205
3, -10, 0.912731152205
3, -9, 0.912731152205
3, -8, 0.912731152205
3, -7, 0.912731152205
3, -6, 0.912731152205
3, -5, 0.912731152205
3, -4, 0.912731152205
3, -3, 0.912731152205
3, -2, 0.888244823771
3, -1, 0.866390074285
3, 0, 0.850019756599
3, 1, 0.855282914493
3, 2, 0.871728307255
3, 3, 0.888173700016
4, -15, 0.912731152205
4, -14, 0.912731152205
4, -13, 0.912731152205
4, -12, 0.912731152205
4, -11, 0.912731152205
4, -10, 0.912731152205
4, -9, 0.912731152205
4, -8, 0.912731152205
4, -7, 0.912731152205
4, -6, 0.912731152205
4, -5, 0.912731152205
4, -4, 0.912731152205
4, -3, 0.899063537221
4, -2, 0.869021653232
4, -1, 0.855500237079
4, 0, 0.847166903746
4, 1, 0.852505136716
4, 2, 0.871728307255
4, 3, 0.885542121068
5, -15, 0.912731152205
5, -14, 0.912731152205
5, -13, 0.912731152205
5, -12, 0.912731152205
5, -11, 0.912731152205
5, -10, 0.912731152205
5, -9, 0.912731152205
5, -8, 0.912731152205
5, -7, 0.912731152205
5, -6, 0.912731152205
5, -5, 0.912731152205
5, -4, 0.915508929983
5, -3, 0.888319898846
5, -2, 0.844464201043
5, -1, 0.838908645488
5, 0, 0.844389125968
5, 1, 0.849727358938
5, 2, 0.869096728307
5, 3, 0.879986565513
6, -15, 0.912731152205
6, -14, 0.912731152205
6, -13, 0.912731152205
6, -12, 0.912731152205
6, -11, 0.912731152205
6, -10, 0.912731152205
6, -9, 0.912731152205
6, -8, 0.912731152205
6, -7, 0.912731152205
6, -6, 0.912731152205
6, -5, 0.912731152205
6, -4, 0.893654180496
6, -3, 0.858131816027
6, -2, 0.838616247827
6, -1, 0.841832622096
6, 0, 0.838833570413
6, 1, 0.847095779991
6, 2, 0.866318950529
6, 3, 0.879986565513
7, -15, 0.912731152205
7, -14, 0.912731152205
7, -13, 0.912731152205
7, -12, 0.912731152205
7, -11, 0.912731152205
7, -10, 0.912731152205
7, -9, 0.912731152205
7, -8, 0.912731152205
7, -7, 0.912731152205
7, -6, 0.912731152205
7, -5, 0.912877351035
7, -4, 0.874431009957
7, -3, 0.835838470049
7, -2, 0.819685474949
7, -1, 0.83627706654
7, 0, 0.844535324798
7, 1, 0.844318002213
7, 2, 0.863541172752
7, 3, 0.879986565513
8, -15, 0.912731152205
8, -14, 0.912731152205
8, -13, 0.912731152205
8, -12, 0.912731152205
8, -11, 0.912731152205
8, -10, 0.912731152205
8, -9, 0.912731152205
8, -8, 0.912731152205
8, -7, 0.912731152205
8, -6, 0.912731152205
8, -5, 0.893654180496
8, -4, 0.852430061641
8, -3, 0.827576260471
8, -2, 0.825387229335
8, -1, 0.833645487593
8, 0, 0.838979769243
8, 1, 0.844318002213
8, 2, 0.863541172752
8, 3, 0.879986565513
9, -15, 0.912731152205
9, -14, 0.912731152205
9, -13, 0.912731152205
9, -12, 0.912731152205
9, -11, 0.912731152205
9, -10, 0.912731152205
9, -9, 0.912731152205
9, -8, 0.912731152205
9, -7, 0.912731152205
9, -6, 0.910099573257
9, -5, 0.87165323218
9, -4, 0.835838470049
9, -3, 0.82531215426
9, -2, 0.819977872609
9, -1, 0.839125968073
9, 0, 0.838979769243
9, 1, 0.847095779991
9, 2, 0.863541172752
9, 3, 0.879986565513
10, -15, 0.912731152205
10, -14, 0.912731152205
10, -13, 0.912731152205
10, -12, 0.912731152205
10, -11, 0.912731152205
10, -10, 0.912731152205
10, -9, 0.912731152205
10, -8, 0.912731152205
10, -7, 0.912731152205
10, -6, 0.896431958274
10, -5, 0.849652283863
10, -4, 0.833131816027
10, -3, 0.809234234234
10, -2, 0.817128971076
10, -1, 0.833570412518
10, 0, 0.838979769243
10, 1, 0.847095779991
10, 2, 0.863541172752
10, 3, 0.879986565513
11, -15, 0.912731152205
11, -14, 0.912731152205
11, -13, 0.912731152205
11, -12, 0.912731152205
11, -11, 0.912731152205
11, -10, 0.912731152205
11, -9, 0.912731152205
11, -8, 0.912731152205
11, -7, 0.910099573257
11, -6, 0.868875454402
11, -5, 0.841247826774
11, -4, 0.816907697171
11, -3, 0.803824877509
11, -2, 0.83093883357
11, -1, 0.830571360835
11, 0, 0.838979769243
11, 1, 0.847095779991
11, 2, 0.863541172752
11, 3, 0.879986565513
12, -15, 0.912731152205
12, -14, 0.912731152205
12, -13, 0.912731152205
12, -12, 0.912731152205
12, -11, 0.912731152205
12, -10, 0.912731152205
12, -9, 0.912731152205
12, -8, 0.912731152205
12, -7, 0.893654180496
12, -6, 0.844096728307
12, -5, 0.830354038249
12, -4, 0.814643590959
12, -3, 0.806235182551
12, -2, 0.827793583057
12, -1, 0.825162004109
12, 0, 0.838979769243
12, 1, 0.847095779991
12, 2, 0.863541172752
12, 3, 0.879986565513
13, -15, 0.912731152205
13, -14, 0.912731152205
13, -13, 0.912731152205
13, -12, 0.912731152205
13, -11, 0.912731152205
13, -10, 0.912731152205
13, -9, 0.912731152205
13, -8, 0.90732179548
13, -7, 0.863394973921
13, -6, 0.841247826774
13, -5, 0.816982772246
13, -4, 0.806235182551
13, -3, 0.82531215426
13, -2, 0.814054844318
13, -1, 0.825162004109
13, 0, 0.838979769243
13, 1, 0.847095779991
13, 2, 0.863541172752
13, 3, 0.879986565513
14, -15, 0.912731152205
14, -14, 0.912731152205
14, -13, 0.912731152205
14, -12, 0.912731152205
14, -11, 0.912731152205
14, -10, 0.912731152205
14, -9, 0.912731152205
14, -8, 0.893654180496
14, -7, 0.846874506085
14, -6, 0.827651335546
14, -5, 0.806310257626
14, -4, 0.806160107476
14, -3, 0.822166903746
14, -2, 0.811423265371
14, -1, 0.825162004109
14, 0, 0.838979769243
14, 1, 0.847095779991
14, 2, 0.863541172752
14, 3, 0.879986565513
15, -15, 0.912731152205
15, -14, 0.912731152205
15, -13, 0.912731152205
15, -12, 0.912731152205
15, -11, 0.912731152205
15, -10, 0.912731152205
15, -9, 0.90732179548
15, -8, 0.863394973921
15, -7, 0.841247826774
15, -6, 0.81142721669
15, -5, 0.800900900901
15, -4, 0.814129919393
15, -3, 0.822020704915
15, -2, 0.811423265371
15, -1, 0.825162004109
15, 0, 0.838979769243
15, 1, 0.847095779991
15, 2, 0.863541172752
15, 3, 0.879986565513
