-5, -15, 0.652380952381
-5, -14, 0.652380952381
-5, -13, 0.652380952381
-5, -12, 0.652380952381
-5, -11, 0.652380952381
-5, -10, 0.652380952381
-5, -9, 0.652380952381
-5, -8, 0.652380952381
-5, -7, 0.652380952381
-5, -6, 0.652380952381
-5, -5, 0.652380952381
-5, -4, 0.652380952381
-5, -3, 0.652380952381
-5, -2, 0.652380952381
-5, -1, 0.652380952381
-5, 0, 0.652380952381
-5, 1, 0.652380952381
-5, 2, 0.652380952381
-5, 3, 0.652380952381
-4, -15, 0.652380952381
-4, -14, 0.652380952381
-4, -13, 0.652380952381
-4, -12, 0.652380952381
-4, -11, 0.652380952381
-4, -10, 0.652380952381
-4, -9, 0.652380952381
-4, -8, 0.652380952381
-4, -7, 0.652380952381
-4, -6, 0.652380952381
-4, -5, 0.652380952381
-4, -4, 0.652380952381
-4, -3, 0.652380952381
-4, -2, 0.652380952381
-4, -1, 0.766666666667
-4, 0, 0.865476190476
-4, 1, 0.858333333333
-4, 2, 0.817857142857
-4, 3, 0.758333333333
-3, -15, 0.652380952381
-3, -14, 0.652380952381
-3, -13, 0.652380952381
-3, -12, 0.652380952381
-3, -11, 0.652380952381
-3, -10, 0.652380952381
-3, -9, 0.652380952381
-3, -8, 0.652380952381
-3, -7, 0.652380952381
-3, -6, 0.652380952381
-3, -5, 0.652380952381
-3, -4, 0.652380952381
-3, -3, 0.652380952381
-3, -2, 0.85
-3, -1, 0.803571428571
-3, 0, 0.85
-3, 1, 0.880952380952
-3, 2, 0.932142857143
-3, 3, 0.955952380952
-2, -15, 0.652380952381
-2, -14, 0.652380952381
-2, -13, 0.652380952381
-2, -12, 0.652380952381
-2, -11, 0.652380952381
-2, -10, 0.652380952381
-2, -9, 0.652380952381
-2, -8, 0.652380952381
-2, -7, 0.652380952381
-2, -6, 0.652380952381
-2, -5, 0.652380952381
-2, -4, 0.652380952381
-2, -3, 0.803571428571
-2, -2, 0.803571428571
-2, -1, 0.85
-2, 0, 0.889285714286
-2, 1, 0.955952380952
-2, 2, 0.970238095238
-2, 3, 0.970238095238
-1, -15, 0.652380952381
-1, -14, 0.652380952381
-1, -13, 0.652380952381
-1, -12, 0.652380952381
-1, -11, 0.652380952381
-1, -10, 0.652380952381
-1, -9, 0.652380952381
-1, -8, 0.652380952381
-1, -7, 0.652380952381
-1, -6, 0.652380952381
-1, -5, 0.692857142857
-1, -4, 0.786904761905
-1, -3, 0.827380952381
-1, -2, 0.857142857143
-1, -1, 0.941666666667
-1, 0, 0.964285714286
-1, 1, 0.978571428571
-1, 2, 0.970238095238
-1, 3, 0.970238095238
0, -15, 0.652380952381
0, -14, 0.652380952381
0, -13, 0.652380952381
0, -12, 0.652380952381
0, -11, 0.652380952381
0, -10, 0.652380952381
0, -9, 0.652380952381
0, -8, 0.652380952381
0, -7, 0.652380952381
0, -6, 0.7
0, -5, 0.786904761905
0, -4, 0.827380952381
0, -3, 0.84880952381
0, -2, 0.941666666667
0, -1, 0.978571428571
0, 0, 0.970238095238
0, 1, 0.978571428571
0, 2, 0.970238095238
0, 3, 0.970238095238
1, -15, 0.652380952381
1, -14, 0.652380952381
1, -13, 0.652380952381
1, -12, 0.652380952381
1, -11, 0.652380952381
1, -10, 0.652380952381
1, -9, 0.652380952381
1, -8, 0.652380952381
1, -7, 0.7
1, -6, 0.779761904762
1, -5, 0.827380952381
1, -4, 0.84880952381
1, -3, 0.94880952381
1, -2, 0.978571428571
1, -1, 0.970238095238
1, 0, 0.970238095238
1, 1, 0.970238095238
1, 2, 0.970238095238
1, 3, 0.978571428571
2, -15, 0.652380952381
2, -14, 0.652380952381
2, -13, 0.652380952381
2, -12, 0.652380952381
2, -11, 0.652380952381
2, -10, 0.652380952381
2, -9, 0.652380952381
2, -8, 0.7
2, -7, 0.779761904762
2, -6, 0.827380952381
2, -5, 0.864285714286
2, -4, 0.957142857143
2, -3, 0.978571428571
2, -2, 0.970238095238
2, -1, 0.970238095238
2, 0, 0.970238095238
2, 1, 0.970238095238
2, 2, 0.978571428571
2, 3, 0.978571428571
3, -15, 0.652380952381
3, -14, 0.652380952381
3, -13, 0.652380952381
3, -12, 0.652380952381
3, -11, 0.652380952381
3, -10, 0.652380952381
3, -9, 0.7
3, -8, 0.779761904762
3, -7, 0.827380952381
3, -6, 0.872619047619
3, -5, 0.957142857143
3, -4, 0.970238095238
3, -3, 0.963095238095
3, -2, 0.970238095238
3, -1, 0.963095238095
3, 0, 0.970238095238
3, 1, 0.978571428571
3, 2, 0.970238095238
3, 3, 0.971428571429
4, -15, 0.652380952381
4, -14, 0.652380952381
4, -13, 0.652380952381
4, -12, 0.652380952381
4, -11, 0.652380952381
4, -10, 0.7
4, -9, 0.779761904762
4, -8, 0.827380952381
4, -7, 0.872619047619
4, -6, 0.957142857143
4, -5, 0.970238095238
4, -4, 0.963095238095
4, -3, 0.963095238095
4, -2, 0.963095238095
4, -1, 0.970238095238
4, 0, 0.978571428571
4, 1, 0.970238095238
4, 2, 0.978571428571
4, 3, 0.971428571429
5, -15, 0.652380952381
5, -14, 0.652380952381
5, -13, 0.652380952381
5, -12, 0.652380952381
5, -11, 0.7
5, -10, 0.779761904762
5, -9, 0.827380952381
5, -8, 0.872619047619
5, -7, 0.957142857143
5, -6, 0.970238095238
5, -5, 0.963095238095
5, -4, 0.963095238095
5, -3, 0.963095238095
5, -2, 0.970238095238
5, -1, 0.978571428571
5, 0, 0.970238095238
5, 1, 0.978571428571
5, 2, 0.971428571429
5, 3, 0.971428571429
6, -15, 0.652380952381
6, -14, 0.652380952381
6, -13, 0.652380952381
6, -12, 0.7
6, -11, 0.779761904762
6, -10, 0.827380952381
6, -9, 0.872619047619
6, -8, 0.957142857143
6, -7, 0.970238095238
6, -6, 0.963095238095
6, -5, 0.963095238095
6, -4, 0.963095238095
6, -3, 0.970238095238
6, -2, 0.978571428571
6, -1, 0.970238095238
6, 0, 0.978571428571
6, 1, 0.971428571429
6, 2, 0.971428571429
6, 3, 0.971428571429
7, -15, 0.652380952381
7, -14, 0.652380952381
7, -13, 0.7
7, -12, 0.779761904762
7, -11, 0.827380952381
7, -10, 0.872619047619
7, -9, 0.957142857143
7, -8, 0.970238095238
7, -7, 0.970238095238
7, -6, 0.963095238095
7, -5, 0.963095238095
7, -4, 0.970238095238
7, -3, 0.978571428571
7, -2, 0.970238095238
7, -1, 0.970238095238
7, 0, 0.971428571429
7, 1, 0.971428571429
7, 2, 0.971428571429
7, 3, 0.955952380952
8, -15, 0.652380952381
8, -14, 0.7
8, -13, 0.779761904762
8, -12, 0.827380952381
8, -11, 0.872619047619
8, -10, 0.957142857143
8, -9, 0.970238095238
8, -8, 0.970238095238
8, -7, 0.963095238095
8, -6, 0.970238095238
8, -5, 0.970238095238
8, -4, 0.978571428571
8, -3, 0.970238095238
8, -2, 0.970238095238
8, -1, 0.971428571429
8, 0, 0.963095238095
8, 1, 0.971428571429
8, 2, 0.971428571429
8, 3, 0.955952380952
9, -15, 0.7
9, -14, 0.779761904762
9, -13, 0.827380952381
9, -12, 0.872619047619
9, -11, 0.94880952381
9, -10, 0.970238095238
9, -9, 0.970238095238
9, -8, 0.963095238095
9, -7, 0.970238095238
9, -6, 0.970238095238
9, -5, 0.970238095238
9, -4, 0.970238095238
9, -3, 0.970238095238
9, -2, 0.978571428571
9, -1, 0.963095238095
9, 0, 0.971428571429
9, 1, 0.971428571429
9, 2, 0.963095238095
9, 3, 0.940476190476
10, -15, 0.779761904762
10, -14, 0.827380952381
10, -13, 0.872619047619
10, -12, 0.94880952381
10, -11, 0.970238095238
10, -10, 0.970238095238
10, -9, 0.963095238095
10, -8, 0.970238095238
10, -7, 0.970238095238
10, -6, 0.970238095238
10, -5, 0.970238095238
10, -4, 0.970238095238
10, -3, 0.978571428571
10, -2, 0.963095238095
10, -1, 0.971428571429
10, 0, 0.971428571429
10, 1, 0.971428571429
10, 2, 0.955952380952
10, 3, 0.933333333333
11, -15, 0.827380952381
11, -14, 0.872619047619
11, -13, 0.94880952381
11, -12, 0.970238095238
11, -11, 0.970238095238
11, -10, 0.963095238095
11, -9, 0.970238095238
11, -8, 0.970238095238
11, -7, 0.970238095238
11, -6, 0.970238095238
11, -5, 0.970238095238
11, -4, 0.970238095238
11, -3, 0.971428571429
11, -2, 0.963095238095
11, -1, 0.971428571429
11, 0, 0.971428571429
11, 1, 0.963095238095
11, 2, 0.940476190476
11, 3, 0.933333333333
12, -15, 0.872619047619
12, -14, 0.94880952381
12, -13, 0.970238095238
12, -12, 0.970238095238
12, -11, 0.963095238095
12, -10, 0.970238095238
12, -9, 0.970238095238
12, -8, 0.970238095238
12, -7, 0.970238095238
12, -6, 0.970238095238
12, -5, 0.970238095238
12, -4, 0.978571428571
12, -3, 0.970238095238
12, -2, 0.964285714286
12, -1, 0.964285714286
12, 0, 0.971428571429
12, 1, 0.963095238095
12, 2, 0.933333333333
12, 3, 0.933333333333
13, -15, 0.94880952381
13, -14, 0.970238095238
13, -13, 0.970238095238
13, -12, 0.963095238095
13, -11, 0.970238095238
13, -10, 0.970238095238
13, -9, 0.970238095238
13, -8, 0.963095238095
13, -7, 0.970238095238
13, -6, 0.970238095238
13, -5, 0.978571428571
13, -4, 0.971428571429
13, -3, 0.971428571429
13, -2, 0.955952380952
13, -1, 0.964285714286
13, 0, 0.963095238095
13, 1, 0.940476190476
13, 2, 0.933333333333
13, 3, 0.933333333333
14, -15, 0.970238095238
14, -14, 0.970238095238
14, -13, 0.963095238095
14, -12, 0.970238095238
14, -11, 0.970238095238
14, -10, 0.970238095238
14, -9, 0.963095238095
14, -8, 0.970238095238
14, -7, 0.970238095238
14, -6, 0.970238095238
14, -5, 0.971428571429
14, -4, 0.963095238095
14, -3, 0.964285714286
14, -2, 0.964285714286
14, -1, 0.964285714286
14, 0, 0.963095238095
14, 1, 0.940476190476
14, 2, 0.933333333333
14, 3, 0.933333333333
15, -15, 0.970238095238
15, -14, 0.963095238095
15, -13, 0.970238095238
15, -12, 0.970238095238
15, -11, 0.970238095238
15, -10, 0.963095238095
15, -9, 0.955952380952
15, -8, 0.970238095238
15, -7, 0.970238095238
15, -6, 0.978571428571
15, -5, 0.955952380952
15, -4, 0.971428571429
15, -3, 0.955952380952
15, -2, 0.964285714286
15, -1, 0.955952380952
15, 0, 0.940476190476
15, 1, 0.940476190476
15, 2, 0.933333333333
15, 3, 0.933333333333
