-5, -15, 0.712279411765
-5, -14, 0.712279411765
-5, -13, 0.712279411765
-5, -12, 0.712279411765
-5, -11, 0.712279411765
-5, -10, 0.712279411765
-5, -9, 0.712279411765
-5, -8, 0.712279411765
-5, -7, 0.712279411765
-5, -6, 0.712279411765
-5, -5, 0.712279411765
-5, -4, 0.712279411765
-5, -3, 0.712279411765
-5, -2, 0.712279411765
-5, -1, 0.712279411765
-5, 0, 0.712279411765
-5, 1, 0.712279411765
-5, 2, 0.712279411765
-5, 3, 0.712279411765
-4, -15, 0.712279411765
-4, -14, 0.712279411765
-4, -13, 0.712279411765
-4, -12, 0.712279411765
-4, -11, 0.712279411765
-4, -10, 0.712279411765
-4, -9, 0.712279411765
-4, -8, 0.712279411765
-4, -7, 0.712279411765
-4, -6, 0.712279411765
-4, -5, 0.712279411765
-4, -4, 0.712279411765
-4, -3, 0.712279411765
-4, -2, 0.712279411765
-4, -1, 0.712279411765
-4, 0, 0.712279411765
-4, 1, 0.712279411765
-4, 2, 0.712279411765
-4, 3, 0.712279411765
-3, -15, 0.712279411765
-3, -14, 0.712279411765
-3, -13, 0.712279411765
-3, -12, 0.712279411765
-3, -11, 0.712279411765
-3, -10, 0.712279411765
-3, -9, 0.712279411765
-3, -8, 0.712279411765
-3, -7, 0.712279411765
-3, -6, 0.712279411765
-3, -5, 0.712279411765
-3, -4, 0.712279411765
-3, -3, 0.712279411765
-3, -2, 0.712279411765
-3, -1, 0.712279411765
-3, 0, 0.712279411765
-3, 1, 0.712279411765
-3, 2, 0.712279411765
-3, 3, 0.712279411765
-2, -15, 0.712279411765
-2, -14, 0.712279411765
-2, -13, 0.712279411765
-2, -12, 0.712279411765
-2, -11, 0.712279411765
-2, -10, 0.712279411765
-2, -9, 0.712279411765
-2, -8, 0.712279411765
-2, -7, 0.712279411765
-2, -6, 0.712279411765
-2, -5, 0.712279411765
-2, -4, 0.712279411765
-2, -3, 0.712279411765
-2, -2, 0.712279411765
-2, -1, 0.68875
-2, 0, 0.68875
-2, 1, 0.68875
-2, 2, 0.689534313725
-2, 3, 0.713431372549
-1, -15, 0.712279411765
-1, -14, 0.712279411765
-1, -13, 0.712279411765
-1, -12, 0.712279411765
-1, -11, 0.712279411765
-1, -10, 0.712279411765
-1, -9, 0.712279411765
-1, -8, 0.712279411765
-1, -7, 0.712279411765
-1, -6, 0.712279411765
-1, -5, 0.712279411765
-1, -4, 0.712279411765
-1, -3, 0.712279411765
-1, -2, 0.706397058824
-1, -1, 0.702867647059
-1, 0, 0.70875
-1, 1, 0.707965686275
-1, 2, 0.744828431373
-1, 3, 0.738946078431
0, -15, 0.712279411765
0, -14, 0.712279411765
0, -13, 0.712279411765
0, -12, 0.712279411765
0, -11, 0.712279411765
0, -10, 0.712279411765
0, -9, 0.712279411765
0, -8, 0.712279411765
0, -7, 0.712279411765
0, -6, 0.712279411765
0, -5, 0.712279411765
0, -4, 0.712279411765
0, -3, 0.693848039216
0, -2, 0.70875
0, -1, 0.714632352941
0, 0, 0.73737745098
0, 1, 0.738161764706
0, 2, 0.744044117647
0, 3, 0.762843137255
1, -15, 0.712279411765
1, -14, 0.712279411765
1, -13, 0.712279411765
1, -12, 0.712279411765
1, -11, 0.712279411765
1, -10, 0.712279411765
1, -9, 0.712279411765
1, -8, 0.712279411765
1, -7, 0.712279411765
1, -6, 0.712279411765
1, -5, 0.712279411765
1, -4, 0.693848039216
1, -3, 0.702083333333
1, -2, 0.721299019608
1, -1, 0.71306372549
1, 0, 0.744044117647
1, 1, 0.749926470588
1, 2, 0.744044117647
1, 3, 0.755392156863
2, -15, 0.712279411765
2, -14, 0.712279411765
2, -13, 0.712279411765
2, -12, 0.712279411765
2, -11, 0.712279411765
2, -10, 0.712279411765
2, -9, 0.712279411765
2, -8, 0.712279411765
2, -7, 0.712279411765
2, -6, 0.712279411765
2, -5, 0.706397058824
2, -4, 0.695416666667
2, -3, 0.707965686275
2, -2, 0.712279411765
2, -1, 0.725196078431
2, 0, 0.756593137255
2, 1, 0.749926470588
2, 2, 0.750294117647
2, 3, 0.750294117647
3, -15, 0.712279411765
3, -14, 0.712279411765
3, -13, 0.712279411765
3, -12, 0.712279411765
3, -11, 0.712279411765
3, -10, 0.712279411765
3, -9, 0.712279411765
3, -8, 0.712279411765
3, -7, 0.712279411765
3, -6, 0.706397058824
3, -5, 0.68875
3, -4, 0.707965686275
3, -3, 0.720098039216
3, -2, 0.738529411765
3, -1, 0.756176470588
3, 0, 0.755808823529
3, 1, 0.750294117647
3, 2, 0.755392156863
3, 3, 0.744411764706
4, -15, 0.712279411765
4, -14, 0.712279411765
4, -13, 0.712279411765
4, -12, 0.712279411765
4, -11, 0.712279411765
4, -10, 0.712279411765
4, -9, 0.712279411765
4, -8, 0.712279411765
4, -7, 0.706397058824
4, -6, 0.68875
4, -5, 0.714215686275
4, -4, 0.720098039216
4, -3, 0.738529411765
4, -2, 0.738529411765
4, -1, 0.756176470588
4, 0, 0.744044117647
4, 1, 0.750294117647
4, 2, 0.762058823529
4, 3, 0.74362745098
5, -15, 0.712279411765
5, -14, 0.712279411765
5, -13, 0.712279411765
5, -12, 0.712279411765
5, -11, 0.712279411765
5, -10, 0.712279411765
5, -9, 0.712279411765
5, -8, 0.706397058824
5, -7, 0.68875
5, -6, 0.714215686275
5, -5, 0.720098039216
5, -4, 0.738897058824
5, -3, 0.744411764706
5, -2, 0.756176470588
5, -1, 0.749926470588
5, 0, 0.756176470588
5, 1, 0.761691176471
5, 2, 0.749926470588
5, 3, 0.756176470588
6, -15, 0.712279411765
6, -14, 0.712279411765
6, -13, 0.712279411765
6, -12, 0.712279411765
6, -11, 0.712279411765
6, -10, 0.712279411765
6, -9, 0.706397058824
6, -8, 0.695
6, -7, 0.714215686275
6, -6, 0.720098039216
6, -5, 0.732647058824
6, -4, 0.738897058824
6, -3, 0.749509803922
6, -2, 0.743259803922
6, -1, 0.749926470588
6, 0, 0.744044117647
6, 1, 0.749142156863
6, 2, 0.743259803922
6, 3, 0.762426470588
7, -15, 0.712279411765
7, -14, 0.712279411765
7, -13, 0.712279411765
7, -12, 0.712279411765
7, -11, 0.712279411765
7, -10, 0.706397058824
7, -9, 0.695
7, -8, 0.714215686275
7, -7, 0.720098039216
7, -6, 0.732647058824
7, -5, 0.733431372549
7, -4, 0.749509803922
7, -3, 0.751078431373
7, -2, 0.729926470588
7, -1, 0.756176470588
7, 0, 0.755024509804
7, 1, 0.742475490196
7, 2, 0.756176470588
7, 3, 0.767524509804
8, -15, 0.712279411765
8, -14, 0.712279411765
8, -13, 0.712279411765
8, -12, 0.712279411765
8, -11, 0.706397058824
8, -10, 0.695
8, -9, 0.714215686275
8, -8, 0.720098039216
8, -7, 0.732647058824
8, -6, 0.740098039216
8, -5, 0.755392156863
8, -4, 0.736960784314
8, -3, 0.749926470588
8, -2, 0.749926470588
8, -1, 0.744044117647
8, 0, 0.742475490196
8, 1, 0.749926470588
8, 2, 0.762426470588
8, 3, 0.774191176471
9, -15, 0.712279411765
9, -14, 0.712279411765
9, -13, 0.712279411765
9, -12, 0.706397058824
9, -11, 0.695
9, -10, 0.714215686275
9, -9, 0.720098039216
9, -8, 0.738529411765
9, -7, 0.745196078431
9, -6, 0.749509803922
9, -5, 0.74362745098
9, -4, 0.768725490196
9, -3, 0.730710784314
9, -2, 0.744044117647
9, -1, 0.748357843137
9, 0, 0.742475490196
9, 1, 0.743259803922
9, 2, 0.761642156863
9, 3, 0.760857843137
10, -15, 0.712279411765
10, -14, 0.712279411765
10, -13, 0.706397058824
10, -12, 0.695
10, -11, 0.714215686275
10, -10, 0.720098039216
10, -9, 0.738529411765
10, -8, 0.745196078431
10, -7, 0.762843137255
10, -6, 0.749509803922
10, -5, 0.756176470588
10, -4, 0.73737745098
10, -3, 0.749926470588
10, -2, 0.749509803922
10, -1, 0.730710784314
10, 0, 0.736593137255
10, 1, 0.730710784314
10, 2, 0.768308823529
10, 3, 0.760073529412
11, -15, 0.712279411765
11, -14, 0.706397058824
11, -13, 0.695
11, -12, 0.714215686275
11, -11, 0.720098039216
11, -10, 0.738529411765
11, -9, 0.751078431373
11, -8, 0.756176470588
11, -7, 0.750294117647
11, -6, 0.74362745098
11, -5, 0.762843137255
11, -4, 0.730710784314
11, -3, 0.73737745098
11, -2, 0.735808823529
11, -1, 0.730710784314
11, 0, 0.743259803922
11, 1, 0.750294117647
11, 2, 0.768308823529
11, 3, 0.760490196078
12, -15, 0.706397058824
12, -14, 0.695
12, -13, 0.714215686275
12, -12, 0.720098039216
12, -11, 0.738529411765
12, -10, 0.757745098039
12, -9, 0.762843137255
12, -8, 0.756176470588
12, -7, 0.755392156863
12, -6, 0.755392156863
12, -5, 0.73737745098
12, -4, 0.744044117647
12, -3, 0.742843137255
12, -2, 0.729142156863
12, -1, 0.724828431373
12, 0, 0.730710784314
12, 1, 0.762058823529
12, 2, 0.766740196078
12, 3, 0.761274509804
13, -15, 0.695
13, -14, 0.714215686275
13, -13, 0.720098039216
13, -12, 0.738529411765
13, -11, 0.751078431373
13, -10, 0.762843137255
13, -9, 0.762843137255
13, -8, 0.762058823529
13, -7, 0.761274509804
13, -6, 0.762843137255
13, -5, 0.724044117647
13, -4, 0.73737745098
13, -3, 0.736176470588
13, -2, 0.724044117647
13, -1, 0.718161764706
13, 0, 0.718946078431
13, 1, 0.768308823529
13, 2, 0.760073529412
13, 3, 0.747941176471
14, -15, 0.714215686275
14, -14, 0.720098039216
14, -13, 0.738529411765
14, -12, 0.757745098039
14, -11, 0.756176470588
14, -10, 0.762843137255
14, -9, 0.774607843137
14, -8, 0.773823529412
14, -7, 0.755392156863
14, -6, 0.736593137255
14, -5, 0.744044117647
14, -4, 0.742843137255
14, -3, 0.735392156863
14, -2, 0.718161764706
14, -1, 0.724044117647
14, 0, 0.742843137255
14, 1, 0.761642156863
14, 2, 0.746740196078
14, 3, 0.765588235294
15, -15, 0.720098039216
15, -14, 0.744411764706
15, -13, 0.751078431373
15, -12, 0.762843137255
15, -11, 0.756176470588
15, -10, 0.780490196078
15, -9, 0.773823529412
15, -8, 0.755392156863
15, -7, 0.756960784314
15, -6, 0.718161764706
15, -5, 0.730710784314
15, -4, 0.736176470588
15, -3, 0.71737745098
15, -2, 0.711495098039
15, -1, 0.73737745098
15, 0, 0.762843137255
15, 1, 0.767524509804
15, 2, 0.740490196078
15, 3, 0.727156862745
