-5, -15, 0.862229102167
-5, -14, 0.862229102167
-5, -13, 0.862229102167
-5, -12, 0.862229102167
-5, -11, 0.862229102167
-5, -10, 0.862229102167
-5, -9, 0.862229102167
-5, -8, 0.862229102167
-5, -7, 0.862229102167
-5, -6, 0.862229102167
-5, -5, 0.862229102167
-5, -4, 0.862229102167
-5, -3, 0.862229102167
-5, -2, 0.862229102167
-5, -1, 0.862229102167
-5, 0, 0.862229102167
-5, 1, 0.862229102167
-5, 2, 0.862229102167
-5, 3, 0.862229102167
-4, -15, 0.862229102167
-4, -14, 0.862229102167
-4, -13, 0.862229102167
-4, -12, 0.862229102167
-4, -11, 0.862229102167
-4, -10, 0.862229102167
-4, -9, 0.862229102167
-4, -8, 0.862229102167
-4, -7, 0.862229102167
-4, -6, 0.862229102167
-4, -5, 0.862229102167
-4, -4, 0.862229102167
-4, -3, 0.862229102167
-4, -2, 0.862229102167
-4, -1, 0.862229102167
-4, 0, 0.862229102167
-4, 1, 0.862229102167
-4, 2, 0.862229102167
-4, 3, 0.862229102167
-3, -15, 0.862229102167
-3, -14, 0.862229102167
-3, -13, 0.862229102167
-3, -12, 0.862229102167
-3, -11, 0.862229102167
-3, -10, 0.862229102167
-3, -9, 0.862229102167
-3, -8, 0.862229102167
-3, -7, 0.862229102167
-3, -6, 0.862229102167
-3, -5, 0.862229102167
-3, -4, 0.862229102167
-3, -3, 0.862229102167
-3, -2, 0.862229102167
-3, -1, 0.862229102167
-3, 0, 0.862229102167
-3, 1, 0.862229102167
-3, 2, 0.862229102167
-3, 3, 0.862229102167
-2, -15, 0.862229102167
-2, -14, 0.862229102167
-2, -13, 0.862229102167
-2, -12, 0.862229102167
-2, -11, 0.862229102167
-2, -10, 0.862229102167
-2, -9, 0.862229102167
-2, -8, 0.862229102167
-2, -7, 0.862229102167
-2, -6, 0.862229102167
-2, -5, 0.862229102167
-2, -4, 0.862229102167
-2, -3, 0.862229102167
-2, -2, 0.862229102167
-2, -1, 0.862229102167
-2, 0, 0.862229102167
-2, 1, 0.862229102167
-2, 2, 0.862229102167
-2, 3, 0.862229102167
-1, -15, 0.862229102167
-1, -14, 0.862229102167
-1, -13, 0.862229102167
-1, -12, 0.862229102167
-1, -11, 0.862229102167
-1, -10, 0.862229102167
-1, -9, 0.862229102167
-1, -8, 0.862229102167
-1, -7, 0.862229102167
-1, -6, 0.862229102167
-1, -5, 0.862229102167
-1, -4, 0.862229102167
-1, -3, 0.862229102167
-1, -2, 0.862229102167
-1, -1, 0.862229102167
-1, 0, 0.862229102167
-1, 1, 0.862229102167
-1, 2, 0.862229102167
-1, 3, 0.862229102167
0, -15, 0.862229102167
0, -14, 0.862229102167
0, -13, 0.862229102167
0, -12, 0.862229102167
0, -11, 0.862229102167
0, -10, 0.862229102167
0, -9, 0.862229102167
0, -8, 0.862229102167
0, -7, 0.862229102167
0, -6, 0.862229102167
0, -5, 0.862229102167
0, -4, 0.862229102167
0, -3, 0.862229102167
0, -2, 0.862229102167
0, -1, 0.862229102167
0, 0, 0.862229102167
0, 1, 0.862229102167
0, 2, 0.862229102167
0, 3, 0.862229102167
1, -15, 0.862229102167
1, -14, 0.862229102167
1, -13, 0.862229102167
1, -12, 0.862229102167
1, -11, 0.862229102167
1, -10, 0.862229102167
1, -9, 0.862229102167
1, -8, 0.862229102167
1, -7, 0.862229102167
1, -6, 0.862229102167
1, -5, 0.862229102167
1, -4, 0.87213622291
1, -3, 0.87213622291
1, -2, 0.856965944272
1, -1, 0.862229102167
1, 0, 0.862229102167
1, 1, 0.862229102167
1, 2, 0.862229102167
1, 3, 0.862229102167
2, -15, 0.862229102167
2, -14, 0.862229102167
2, -13, 0.862229102167
2, -12, 0.862229102167
2, -11, 0.862229102167
2, -10, 0.862229102167
2, -9, 0.862229102167
2, -8, 0.862229102167
2, -7, 0.862229102167
2, -6, 0.867492260062
2, -5, 0.87213622291
2, -4, 0.878637770898
2, -3, 0.856346749226
2, -2, 0.856965944272
2, -1, 0.862229102167
2, 0, 0.862229102167
2, 1, 0.862229102167
2, 2, 0.862229102167
2, 3, 0.862229102167
3, -15, 0.862229102167
3, -14, 0.862229102167
3, -13, 0.862229102167
3, -12, 0.862229102167
3, -11, 0.862229102167
3, -10, 0.862229102167
3, -9, 0.862229102167
3, -8, 0.862229102167
3, -7, 0.867492260062
3, -6, 0.87213622291
3, -5, 0.872755417957
3, -4, 0.873374613003
3, -3, 0.850464396285
3, -2, 0.856965944272
3, -1, 0.862229102167
3, 0, 0.862229102167
3, 1, 0.862229102167
3, 2, 0.862229102167
3, 3, 0.862229102167
4, -15, 0.862229102167
4, -14, 0.862229102167
4, -13, 0.862229102167
4, -12, 0.862229102167
4, -11, 0.862229102167
4, -10, 0.862229102167
4, -9, 0.862229102167
4, -8, 0.872755417957
4, -7, 0.866873065015
4, -6, 0.860990712074
4, -5, 0.873374613003
4, -4, 0.849845201238
4, -3, 0.850464396285
4, -2, 0.856965944272
4, -1, 0.862229102167
4, 0, 0.862229102167
4, 1, 0.862229102167
4, 2, 0.862229102167
4, 3, 0.862229102167
5, -15, 0.862229102167
5, -14, 0.862229102167
5, -13, 0.862229102167
5, -12, 0.862229102167
5, -11, 0.862229102167
5, -10, 0.862229102167
5, -9, 0.872755417957
5, -8, 0.872755417957
5, -7, 0.860990712074
5, -6, 0.87213622291
5, -5, 0.861609907121
5, -4, 0.838080495356
5, -3, 0.850464396285
5, -2, 0.856965944272
5, -1, 0.862229102167
5, 0, 0.862229102167
5, 1, 0.862229102167
5, 2, 0.862229102167
5, 3, 0.862229102167
6, -15, 0.862229102167
6, -14, 0.862229102167
6, -13, 0.862229102167
6, -12, 0.862229102167
6, -11, 0.862229102167
6, -10, 0.872755417957
6, -9, 0.872755417957
6, -8, 0.855108359133
6, -7, 0.860990712074
6, -6, 0.850464396285
6, -5, 0.822910216718
6, -4, 0.838080495356
6, -3, 0.850464396285
6, -2, 0.856965944272
6, -1, 0.862229102167
6, 0, 0.862229102167
6, 1, 0.862229102167
6, 2, 0.862229102167
6, 3, 0.862229102167
7, -15, 0.862229102167
7, -14, 0.862229102167
7, -13, 0.862229102167
7, -12, 0.862229102167
7, -11, 0.872755417957
7, -10, 0.872755417957
7, -9, 0.855108359133
7, -8, 0.839938080495
7, -7, 0.828173374613
7, -6, 0.828173374613
7, -5, 0.822910216718
7, -4, 0.838080495356
7, -3, 0.850464396285
7, -2, 0.856965944272
7, -1, 0.862229102167
7, 0, 0.862229102167
7, 1, 0.862229102167
7, 2, 0.862229102167
7, 3, 0.862229102167
8, -15, 0.862229102167
8, -14, 0.862229102167
8, -13, 0.862229102167
8, -12, 0.872755417957
8, -11, 0.872755417957
8, -10, 0.855108359133
8, -9, 0.834055727554
8, -8, 0.811764705882
8, -7, 0.823529411765
8, -6, 0.822910216718
8, -5, 0.822910216718
8, -4, 0.838080495356
8, -3, 0.850464396285
8, -2, 0.856965944272
8, -1, 0.862229102167
8, 0, 0.862229102167
8, 1, 0.862229102167
8, 2, 0.862229102167
8, 3, 0.862229102167
9, -15, 0.862229102167
9, -14, 0.862229102167
9, -13, 0.872755417957
9, -12, 0.872755417957
9, -11, 0.855108359133
9, -10, 0.834055727554
9, -9, 0.795356037152
9, -8, 0.805882352941
9, -7, 0.813003095975
9, -6, 0.822910216718
9, -5, 0.822910216718
9, -4, 0.838080495356
9, -3, 0.850464396285
9, -2, 0.856965944272
9, -1, 0.862229102167
9, 0, 0.862229102167
9, 1, 0.862229102167
9, 2, 0.862229102167
9, 3, 0.862229102167
10, -15, 0.862229102167
10, -14, 0.872755417957
10, -13, 0.872755417957
10, -12, 0.855108359133
10, -11, 0.834055727554
10, -10, 0.806501547988
10, -9, 0.794736842105
10, -8, 0.790092879257
10, -7, 0.807120743034
10, -6, 0.822910216718
10, -5, 0.822910216718
10, -4, 0.838080495356
10, -3, 0.850464396285
10, -2, 0.856965944272
10, -1, 0.862229102167
10, 0, 0.862229102167
10, 1, 0.862229102167
10, 2, 0.862229102167
10, 3, 0.862229102167
11, -15, 0.872755417957
11, -14, 0.872755417957
11, -13, 0.855108359133
11, -12, 0.834055727554
11, -11, 0.806501547988
11, -10, 0.800619195046
11, -9, 0.767182662539
11, -8, 0.784829721362
11, -7, 0.807120743034
11, -6, 0.822910216718
11, -5, 0.822910216718
11, -4, 0.838080495356
11, -3, 0.850464396285
11, -2, 0.856965944272
11, -1, 0.862229102167
11, 0, 0.862229102167
11, 1, 0.862229102167
11, 2, 0.862229102167
11, 3, 0.862229102167
12, -15, 0.872755417957
12, -14, 0.855108359133
12, -13, 0.834055727554
12, -12, 0.812383900929
12, -11, 0.778947368421
12, -10, 0.761300309598
12, -9, 0.772445820433
12, -8, 0.784829721362
12, -7, 0.807120743034
12, -6, 0.822910216718
12, -5, 0.822910216718
12, -4, 0.838080495356
12, -3, 0.850464396285
12, -2, 0.856965944272
12, -1, 0.862229102167
12, 0, 0.862229102167
12, 1, 0.862229102167
12, 2, 0.862229102167
12, 3, 0.862229102167
13, -15, 0.855108359133
13, -14, 0.834055727554
13, -13, 0.812383900929
13, -12, 0.790092879257
13, -11, 0.761300309598
13, -10, 0.756037151703
13, -9, 0.784829721362
13, -8, 0.784829721362
13, -7, 0.807120743034
13, -6, 0.822910216718
13, -5, 0.822910216718
13, -4, 0.838080495356
13, -3, 0.850464396285
13, -2, 0.856965944272
13, -1, 0.862229102167
13, 0, 0.862229102167
13, 1, 0.862229102167
13, 2, 0.862229102167
13, 3, 0.862229102167
14, -15, 0.834055727554
14, -14, 0.812383900929
14, -13, 0.790092879257
14, -12, 0.767182662539
14, -11, 0.750154798762
14, -10, 0.767801857585
14, -9, 0.784829721362
14, -8, 0.784829721362
14, -7, 0.807120743034
14, -6, 0.822910216718
14, -5, 0.822910216718
14, -4, 0.838080495356
14, -3, 0.850464396285
14, -2, 0.856965944272
14, -1, 0.862229102167
14, 0, 0.862229102167
14, 1, 0.862229102167
14, 2, 0.862229102167
14, 3, 0.862229102167
15, -15, 0.812383900929
15, -14, 0.790092879257
15, -13, 0.77306501548
15, -12, 0.744891640867
15, -11, 0.750773993808
15, -10, 0.778947368421
15, -9, 0.784829721362
15, -8, 0.784829721362
15, -7, 0.807120743034
15, -6, 0.822910216718
15, -5, 0.822910216718
15, -4, 0.838080495356
15, -3, 0.850464396285
15, -2, 0.856965944272
15, -1, 0.862229102167
15, 0, 0.862229102167
15, 1, 0.862229102167
15, 2, 0.862229102167
15, 3, 0.862229102167
