-5, -15, 0.884760397742
-5, -14, 0.884760397742
-5, -13, 0.884760397742
-5, -12, 0.884760397742
-5, -11, 0.884760397742
-5, -10, 0.884760397742
-5, -9, 0.884760397742
-5, -8, 0.884760397742
-5, -7, 0.884760397742
-5, -6, 0.884760397742
-5, -5, 0.884760397742
-5, -4, 0.884760397742
-5, -3, 0.884760397742
-5, -2, 0.884760397742
-5, -1, 0.884760397742
-5, 0, 0.884760397742
-5, 1, 0.884760397742
-5, 2, 0.884760397742
-5, 3, 0.884760397742
-4, -15, 0.884760397742
-4, -14, 0.884760397742
-4, -13, 0.884760397742
-4, -12, 0.884760397742
-4, -11, 0.884760397742
-4, -10, 0.884760397742
-4, -9, 0.884760397742
-4, -8, 0.884760397742
-4, -7, 0.884760397742
-4, -6, 0.884760397742
-4, -5, 0.884760397742
-4, -4, 0.884760397742
-4, -3, 0.884760397742
-4, -2, 0.884760397742
-4, -1, 0.884760397742
-4, 0, 0.884760397742
-4, 1, 0.884760397742
-4, 2, 0.884760397742
-4, 3, 0.884760397742
-3, -15, 0.884760397742
-3, -14, 0.884760397742
-3, -13, 0.884760397742
-3, -12, 0.884760397742
-3, -11, 0.884760397742
-3, -10, 0.884760397742
-3, -9, 0.884760397742
-3, -8, 0.884760397742
-3, -7, 0.884760397742
-3, -6, 0.884760397742
-3, -5, 0.884760397742
-3, -4, 0.884760397742
-3, -3, 0.884760397742
-3, -2, 0.884760397742
-3, -1, 0.884760397742
-3, 0, 0.884760397742
-3, 1, 0.884760397742
-3, 2, 0.884760397742
-3, 3, 0.884760397742
-2, -15, 0.884760397742
-2, -14, 0.884760397742
-2, -13, 0.884760397742
-2, -12, 0.884760397742
-2, -11, 0.884760397742
-2, -10, 0.884760397742
-2, -9, 0.884760397742
-2, -8, 0.884760397742
-2, -7, 0.884760397742
-2, -6, 0.884760397742
-2, -5, 0.884760397742
-2, -4, 0.88608783137
-2, -3, 0.890069643869
-2, -2, 0.889627165993
-2, -1, 0.885866592432
-2, 0, 0.884760397742
-2, 1, 0.884760397742
-2, 2, 0.884760397742
-2, 3, 0.884760397742
-1, -15, 0.884760397742
-1, -14, 0.884760397742
-1, -13, 0.884760397742
-1, -12, 0.884760397742
-1, -11, 0.884760397742
-1, -10, 0.884760397742
-1, -9, 0.884760397742
-1, -8, 0.884760397742
-1, -7, 0.884760397742
-1, -6, 0.884760397742
-1, -5, 0.891397077497
-1, -4, 0.892945750063
-1, -3, 0.892503272187
-1, -2, 0.892503272187
-1, -1, 0.887857254488
-1, 0, 0.885202875618
-1, 1, 0.885202875618
-1, 2, 0.884539158804
-1, 3, 0.884539158804
0, -15, 0.884760397742
0, -14, 0.884760397742
0, -13, 0.884760397742
0, -12, 0.884760397742
0, -11, 0.884760397742
0, -10, 0.884760397742
0, -9, 0.884760397742
0, -8, 0.884760397742
0, -7, 0.884760397742
0, -6, 0.892945750063
0, -5, 0.892945750063
0, -4, 0.892945750063
0, -3, 0.891840043759
0, -2, 0.892724511125
0, -1, 0.890070132255
0, 0, 0.880999824181
0, 1, 0.881442790443
0, 2, 0.882769735685
0, 3, 0.884317919866
1, -15, 0.884760397742
1, -14, 0.884760397742
1, -13, 0.884760397742
1, -12, 0.884760397742
1, -11, 0.884760397742
1, -10, 0.884760397742
1, -9, 0.884760397742
1, -8, 0.884760397742
1, -7, 0.892945750063
1, -6, 0.892945750063
1, -5, 0.892945750063
1, -4, 0.892724511125
1, -3, 0.893609466878
1, -2, 0.892281544863
1, -1, 0.881663540995
1, 0, 0.874143859032
1, 1, 0.875028326398
1, 2, 0.878345933697
1, 3, 0.88100128934
2, -15, 0.884760397742
2, -14, 0.884760397742
2, -13, 0.884760397742
2, -12, 0.884760397742
2, -11, 0.884760397742
2, -10, 0.884760397742
2, -9, 0.884760397742
2, -8, 0.892945750063
2, -7, 0.892945750063
2, -6, 0.892945750063
2, -5, 0.892724511125
2, -4, 0.893609955264
2, -3, 0.895157162672
2, -2, 0.887191095743
2, -1, 0.880558811463
2, 0, 0.87392310848
2, 1, 0.872373459142
2, 2, 0.878125671531
2, 3, 0.88033952607
3, -15, 0.884760397742
3, -14, 0.884760397742
3, -13, 0.884760397742
3, -12, 0.884760397742
3, -11, 0.884760397742
3, -10, 0.884760397742
3, -9, 0.892945750063
3, -8, 0.892945750063
3, -7, 0.892945750063
3, -6, 0.892724511125
3, -5, 0.893389204712
3, -4, 0.898255972963
3, -3, 0.89537840161
3, -2, 0.887636992323
3, -1, 0.881664029381
3, 0, 0.874144347418
3, 1, 0.871711695872
3, 2, 0.875913770537
3, 3, 0.879012092442
4, -15, 0.884760397742
4, -14, 0.884760397742
4, -13, 0.884760397742
4, -12, 0.884760397742
4, -11, 0.884760397742
4, -10, 0.892945750063
4, -9, 0.892945750063
4, -8, 0.892945750063
4, -7, 0.892945750063
4, -6, 0.89294623845
4, -5, 0.896929516107
4, -4, 0.89759079099
4, -3, 0.89051407529
4, -2, 0.886310535467
4, -1, 0.883656644982
4, 0, 0.873260856825
4, 1, 0.870827716892
4, 2, 0.874586825294
4, 3, 0.877906386138
5, -15, 0.884760397742
5, -14, 0.884760397742
5, -13, 0.884760397742
5, -12, 0.884760397742
5, -11, 0.892945750063
5, -10, 0.892945750063
5, -9, 0.892945750063
5, -8, 0.892945750063
5, -7, 0.893166989002
5, -6, 0.894716149954
5, -5, 0.898253531032
5, -4, 0.892283986794
5, -3, 0.888967356268
5, -2, 0.885649260583
5, -1, 0.883657133368
5, 0, 0.874589755612
5, 1, 0.86950077165
5, 2, 0.872154173748
5, 3, 0.87635917873
6, -15, 0.884760397742
6, -14, 0.884760397742
6, -13, 0.884760397742
6, -12, 0.892945750063
6, -11, 0.892945750063
6, -10, 0.892945750063
6, -9, 0.892945750063
6, -8, 0.892724511125
6, -7, 0.893609955264
6, -6, 0.899581941433
6, -5, 0.89692658579
6, -4, 0.892505714118
6, -3, 0.883658110141
6, -2, 0.884318896638
6, -1, 0.884764304831
6, 0, 0.872599093555
6, 1, 0.86795258747
6, 2, 0.870827716892
6, 3, 0.875916700854
7, -15, 0.884760397742
7, -14, 0.884760397742
7, -13, 0.892945750063
7, -12, 0.892945750063
7, -11, 0.892945750063
7, -10, 0.892945750063
7, -9, 0.892945750063
7, -8, 0.892724999512
7, -7, 0.897371505597
7, -6, 0.899801715212
7, -5, 0.892946726836
7, -4, 0.88719793315
7, -3, 0.881223993436
7, -2, 0.884542577507
7, -1, 0.882552403837
7, 0, 0.871713649417
7, 1, 0.866405380062
7, 2, 0.869943737912
7, 3, 0.875916700854
8, -15, 0.884760397742
8, -14, 0.892945750063
8, -13, 0.892945750063
8, -12, 0.892945750063
8, -11, 0.892945750063
8, -10, 0.892945750063
8, -9, 0.893166989002
8, -8, 0.894495399402
8, -7, 0.897812029928
8, -6, 0.895377424837
8, -5, 0.888966379496
8, -4, 0.880560765008
8, -3, 0.883657621755
8, -2, 0.880784445877
8, -1, 0.878791830276
8, 0, 0.869946179843
8, 1, 0.86507843482
8, 2, 0.869722498974
8, 3, 0.875916700854
9, -15, 0.892945750063
9, -14, 0.892945750063
9, -13, 0.892945750063
9, -12, 0.892945750063
9, -11, 0.892945750063
9, -10, 0.892724511125
9, -9, 0.893167477388
9, -8, 0.897592256149
9, -7, 0.89736857528
9, -6, 0.893829729043
9, -5, 0.887417706929
9, -4, 0.87945554709
9, -3, 0.881225946981
9, -2, 0.879677762801
9, -1, 0.881004219657
9, 0, 0.867734278849
9, 1, 0.86397224013
9, 2, 0.869943737912
9, 3, 0.875916700854
10, -15, 0.892945750063
10, -14, 0.892945750063
10, -13, 0.892945750063
10, -12, 0.892945750063
10, -11, 0.892945750063
10, -10, 0.893167477388
10, -9, 0.893611420422
10, -8, 0.898475746742
10, -7, 0.89626238059
10, -6, 0.888743187013
10, -5, 0.882994393327
10, -4, 0.877687100744
10, -3, 0.876361132275
10, -2, 0.878350817558
10, -1, 0.878794272207
10, 0, 0.867513039911
10, 1, 0.863529762254
10, 2, 0.869943737912
10, 3, 0.875916700854
11, -15, 0.892945750063
11, -14, 0.892945750063
11, -13, 0.892945750063
11, -12, 0.892945750063
11, -11, 0.893166989002
11, -10, 0.893389693098
11, -9, 0.898034245639
11, -8, 0.896926097404
11, -7, 0.891839066987
11, -6, 0.886753990115
11, -5, 0.879896559808
11, -4, 0.875032233488
11, -3, 0.874367539901
11, -2, 0.875698392233
11, -1, 0.876360643888
11, 0, 0.866628084159
11, 1, 0.863751001192
11, 2, 0.869722498974
11, 3, 0.875916700854
12, -15, 0.892945750063
12, -14, 0.892945750063
12, -13, 0.892945750063
12, -12, 0.892945750063
12, -11, 0.892724999512
12, -10, 0.894937877278
12, -9, 0.899360702495
12, -8, 0.89626238059
12, -7, 0.888522436461
12, -6, 0.884984078611
12, -5, 0.877021430385
12, -4, 0.873925062025
12, -3, 0.875030768329
12, -2, 0.877023872316
12, -1, 0.87459122077
12, 0, 0.866628572545
12, 1, 0.863751001192
12, 2, 0.869722498974
12, 3, 0.875916700854
13, -15, 0.892945750063
13, -14, 0.892945750063
13, -13, 0.892945750063
13, -12, 0.893166989002
13, -11, 0.892947215222
13, -10, 0.897591767763
13, -9, 0.89736857528
13, -8, 0.892502295415
13, -7, 0.888522924847
13, -6, 0.880339037684
13, -5, 0.873926038797
13, -4, 0.870827716892
13, -3, 0.875696927074
13, -2, 0.873704799859
13, -1, 0.87304303659
13, 0, 0.866628572545
13, 1, 0.864193479068
13, 2, 0.869722498974
13, 3, 0.875916700854
14, -15, 0.892945750063
14, -14, 0.892945750063
14, -13, 0.892945750063
14, -12, 0.892503760574
14, -11, 0.895379866768
14, -10, 0.899581941433
14, -9, 0.895819902713
14, -8, 0.887415753385
14, -7, 0.884542577507
14, -6, 0.877905409365
14, -5, 0.870387680947
14, -4, 0.869501260036
14, -3, 0.871050420989
14, -2, 0.873704311473
14, -1, 0.873263298756
14, 0, 0.866628572545
14, 1, 0.864193479068
14, 2, 0.869722498974
14, 3, 0.875916700854
15, -15, 0.892945750063
15, -14, 0.892945750063
15, -13, 0.892503760574
15, -12, 0.892725976284
15, -11, 0.897813006701
15, -10, 0.897811053156
15, -9, 0.891396100725
15, -8, 0.888964914337
15, -7, 0.882550450292
15, -6, 0.875915724081
15, -5, 0.868838519995
15, -4, 0.867732325304
15, -3, 0.869059758933
15, -2, 0.870606477954
15, -1, 0.873262810369
15, 0, 0.866628572545
15, 1, 0.864193479068
15, 2, 0.869722498974
15, 3, 0.875916700854
