-5, -15, 0.520003126954
-5, -14, 0.520003126954
-5, -13, 0.520003126954
-5, -12, 0.520003126954
-5, -11, 0.520003126954
-5, -10, 0.520003126954
-5, -9, 0.520003126954
-5, -8, 0.520003126954
-5, -7, 0.520003126954
-5, -6, 0.520003126954
-5, -5, 0.520003126954
-5, -4, 0.520003126954
-5, -3, 0.520003126954
-5, -2, 0.520003126954
-5, -1, 0.520003126954
-5, 0, 0.520003126954
-5, 1, 0.520003126954
-5, 2, 0.520003126954
-5, 3, 0.520003126954
-4, -15, 0.520003126954
-4, -14, 0.520003126954
-4, -13, 0.520003126954
-4, -12, 0.520003126954
-4, -11, 0.520003126954
-4, -10, 0.520003126954
-4, -9, 0.520003126954
-4, -8, 0.520003126954
-4, -7, 0.520003126954
-4, -6, 0.520003126954
-4, -5, 0.520003126954
-4, -4, 0.520003126954
-4, -3, 0.520003126954
-4, -2, 0.520003126954
-4, -1, 0.520003126954
-4, 0, 0.520003126954
-4, 1, 0.520003126954
-4, 2, 0.520003126954
-4, 3, 0.520003126954
-3, -15, 0.520003126954
-3, -14, 0.520003126954
-3, -13, 0.520003126954
-3, -12, 0.520003126954
-3, -11, 0.520003126954
-3, -10, 0.520003126954
-3, -9, 0.520003126954
-3, -8, 0.520003126954
-3, -7, 0.520003126954
-3, -6, 0.520003126954
-3, -5, 0.520003126954
-3, -4, 0.520003126954
-3, -3, 0.520003126954
-3, -2, 0.520003126954
-3, -1, 0.520003126954
-3, 0, 0.520003126954
-3, 1, 0.520003126954
-3, 2, 0.520003126954
-3, 3, 0.520003126954
-2, -15, 0.520003126954
-2, -14, 0.520003126954
-2, -13, 0.520003126954
-2, -12, 0.520003126954
-2, -11, 0.520003126954
-2, -10, 0.520003126954
-2, -9, 0.520003126954
-2, -8, 0.520003126954
-2, -7, 0.520003126954
-2, -6, 0.520003126954
-2, -5, 0.520003126954
-2, -4, 0.520003126954
-2, -3, 0.520003126954
-2, -2, 0.520003126954
-2, -1, 0.520003126954
-2, 0, 0.520003126954
-2, 1, 0.517317073171
-2, 2, 0.495247029393
-2, 3, 0.507625078174
-1, -15, 0.520003126954
-1, -14, 0.520003126954
-1, -13, 0.520003126954
-1, -12, 0.520003126954
-1, -11, 0.520003126954
-1, -10, 0.520003126954
-1, -9, 0.520003126954
-1, -8, 0.520003126954
-1, -7, 0.520003126954
-1, -6, 0.520003126954
-1, -5, 0.520003126954
-1, -4, 0.520003126954
-1, -3, 0.520003126954
-1, -2, 0.520003126954
-1, -1, 0.520003126954
-1, 0, 0.50006097561
-1, 1, 0.492432770482
-1, 2, 0.465048467792
-1, 3, 0.469981238274
0, -15, 0.520003126954
0, -14, 0.520003126954
0, -13, 0.520003126954
0, -12, 0.520003126954
0, -11, 0.520003126954
0, -10, 0.520003126954
0, -9, 0.520003126954
0, -8, 0.520003126954
0, -7, 0.520003126954
0, -6, 0.520003126954
0, -5, 0.520003126954
0, -4, 0.520003126954
0, -3, 0.520003126954
0, -2, 0.51493902439
0, -1, 0.502310819262
0, 0, 0.492246716698
0, 1, 0.477362414009
0, 2, 0.472923702314
0, 3, 0.477606316448
1, -15, 0.520003126954
1, -14, 0.520003126954
1, -13, 0.520003126954
1, -12, 0.520003126954
1, -11, 0.520003126954
1, -10, 0.520003126954
1, -9, 0.520003126954
1, -8, 0.520003126954
1, -7, 0.520003126954
1, -6, 0.520003126954
1, -5, 0.520003126954
1, -4, 0.520003126954
1, -3, 0.5125
1, -2, 0.497188868043
1, -1, 0.499502814259
1, 0, 0.489868667917
1, 1, 0.475423702314
1, 2, 0.483045653533
1, 3, 0.479734208881
2, -15, 0.520003126954
2, -14, 0.520003126954
2, -13, 0.520003126954
2, -12, 0.520003126954
2, -11, 0.520003126954
2, -10, 0.520003126954
2, -9, 0.520003126954
2, -8, 0.520003126954
2, -7, 0.520003126954
2, -6, 0.520003126954
2, -5, 0.520003126954
2, -4, 0.515064102564
2, -3, 0.491999687305
2, -2, 0.497060662914
2, -1, 0.494810819262
2, 0, 0.462862726704
2, 1, 0.46792057536
2, 2, 0.484984365228
2, 3, 0.487115384615
3, -15, 0.520003126954
3, -14, 0.520003126954
3, -13, 0.520003126954
3, -12, 0.520003126954
3, -11, 0.520003126954
3, -10, 0.520003126954
3, -9, 0.520003126954
3, -8, 0.520003126954
3, -7, 0.520003126954
3, -6, 0.520003126954
3, -5, 0.520128205128
3, -4, 0.497063789869
3, -3, 0.494749843652
3, -2, 0.489749843652
3, -1, 0.489807692308
3, 0, 0.490304878049
3, 1, 0.472984677924
3, 2, 0.479670106316
3, 3, 0.465356472795
4, -15, 0.520003126954
4, -14, 0.520003126954
4, -13, 0.520003126954
4, -12, 0.520003126954
4, -11, 0.520003126954
4, -10, 0.520003126954
4, -9, 0.520003126954
4, -8, 0.520003126954
4, -7, 0.520003126954
4, -6, 0.515064102564
4, -5, 0.507191994997
4, -4, 0.502442151345
4, -3, 0.502442151345
4, -2, 0.487185741088
4, -1, 0.480304878049
4, 0, 0.48029862414
4, 1, 0.490365853659
4, 2, 0.4998561601
4, 3, 0.480051594747
5, -15, 0.520003126954
5, -14, 0.520003126954
5, -13, 0.520003126954
5, -12, 0.520003126954
5, -11, 0.520003126954
5, -10, 0.520003126954
5, -9, 0.520003126954
5, -8, 0.520003126954
5, -7, 0.515064102564
5, -6, 0.509691994997
5, -5, 0.502442151345
5, -4, 0.495003126954
5, -3, 0.487313946216
5, -2, 0.477490619137
5, -1, 0.497618824265
5, 0, 0.485490931832
5, 1, 0.499801438399
5, 2, 0.482667292058
5, 3, 0.469862414009
6, -15, 0.520003126954
6, -14, 0.520003126954
6, -13, 0.520003126954
6, -12, 0.520003126954
6, -11, 0.520003126954
6, -10, 0.520003126954
6, -9, 0.520003126954
6, -8, 0.515064102564
6, -7, 0.514756097561
6, -6, 0.504942151345
6, -5, 0.497503126954
6, -4, 0.49487804878
6, -3, 0.492185741088
6, -2, 0.492679799875
6, -1, 0.500054721701
6, 0, 0.478055034396
6, 1, 0.497359287054
6, 2, 0.477673545966
6, 3, 0.464734208881
7, -15, 0.520003126954
7, -14, 0.520003126954
7, -13, 0.520003126954
7, -12, 0.520003126954
7, -11, 0.520003126954
7, -10, 0.520003126954
7, -9, 0.515064102564
7, -8, 0.512252970607
7, -7, 0.502442151345
7, -6, 0.504942151345
7, -5, 0.495067229518
7, -4, 0.489752970607
7, -3, 0.482554721701
7, -2, 0.509996873046
7, -1, 0.485301751094
7, 0, 0.492493746091
7, 1, 0.48241713571
7, 2, 0.457673545966
7, 3, 0.482234208881
8, -15, 0.520003126954
8, -14, 0.520003126954
8, -13, 0.520003126954
8, -12, 0.520003126954
8, -11, 0.520003126954
8, -10, 0.515064102564
8, -9, 0.512252970607
8, -8, 0.502442151345
8, -7, 0.512442151345
8, -6, 0.502567229518
8, -5, 0.49487804878
8, -4, 0.494685741088
8, -3, 0.490243902439
8, -2, 0.505182926829
8, -1, 0.475423702314
8, 0, 0.515118824265
8, 1, 0.47285959975
8, 2, 0.447795497186
8, 3, 0.487234208881
9, -15, 0.520003126954
9, -14, 0.520003126954
9, -13, 0.520003126954
9, -12, 0.520003126954
9, -11, 0.515064102564
9, -10, 0.512252970607
9, -9, 0.502442151345
9, -8, 0.50987804878
9, -7, 0.510006253909
9, -6, 0.497567229518
9, -5, 0.489813946216
9, -4, 0.482554721701
9, -3, 0.51262195122
9, -2, 0.507679799875
9, -1, 0.475304878049
9, 0, 0.500112570356
9, 1, 0.485240775485
9, 2, 0.472484365228
9, 3, 0.487234208881
10, -15, 0.520003126954
10, -14, 0.520003126954
10, -13, 0.520003126954
10, -12, 0.515064102564
10, -11, 0.512252970607
10, -10, 0.502442151345
10, -9, 0.50487804878
10, -8, 0.510006253909
10, -7, 0.505131332083
10, -6, 0.494942151345
10, -5, 0.489810819262
10, -4, 0.490308005003
10, -3, 0.510182926829
10, -2, 0.467670419012
10, -1, 0.497313946216
10, 0, 0.479984365228
10, 1, 0.482865853659
10, 2, 0.465035959975
10, 3, 0.487234208881
11, -15, 0.520003126954
11, -14, 0.520003126954
11, -13, 0.515064102564
11, -12, 0.512252970607
11, -11, 0.502442151345
11, -10, 0.50987804878
11, -9, 0.510006253909
11, -8, 0.507506253909
11, -7, 0.500131332083
11, -6, 0.489813946216
11, -5, 0.479990619137
11, -4, 0.51262195122
11, -3, 0.502743902439
11, -2, 0.467795497186
11, -1, 0.51987804878
11, 0, 0.477609443402
11, 1, 0.447795497186
11, 2, 0.479974984365
11, 3, 0.487234208881
12, -15, 0.520003126954
12, -14, 0.515064102564
12, -13, 0.514691994997
12, -12, 0.502442151345
12, -11, 0.50737804878
12, -10, 0.512506253909
12, -9, 0.505006253909
12, -8, 0.500067229518
12, -7, 0.49487804878
12, -6, 0.489810819262
12, -5, 0.492808005003
12, -4, 0.515182926829
12, -3, 0.492740775485
12, -2, 0.487682926829
12, -1, 0.507679799875
12, 0, 0.482865853659
12, 1, 0.462734521576
12, 2, 0.479974984365
12, 3, 0.487234208881
13, -15, 0.515064102564
13, -14, 0.512252970607
13, -13, 0.502442151345
13, -12, 0.50987804878
13, -11, 0.512506253909
13, -10, 0.507506253909
13, -9, 0.502503126954
13, -8, 0.500067229518
13, -7, 0.489813946216
13, -6, 0.479990619137
13, -5, 0.51756097561
13, -4, 0.500304878049
13, -3, 0.470170419012
13, -2, 0.484935897436
13, -1, 0.477551594747
13, 0, 0.477865853659
13, 1, 0.475106316448
13, 2, 0.479974984365
13, 3, 0.487234208881
14, -15, 0.512252970607
14, -14, 0.504942151345
14, -13, 0.50237804878
14, -12, 0.517634459037
14, -11, 0.507631332083
14, -10, 0.507567229518
14, -9, 0.502567229518
14, -8, 0.49737804878
14, -7, 0.489810819262
14, -6, 0.487682926829
14, -5, 0.517747029393
14, -4, 0.500365853659
14, -3, 0.460231394622
14, -2, 0.51006097561
14, -1, 0.460167292058
14, 0, 0.465481550969
14, 1, 0.470103189493
14, 2, 0.479974984365
14, 3, 0.487234208881
15, -15, 0.502442151345
15, -14, 0.50987804878
15, -13, 0.510006253909
15, -12, 0.505067229518
15, -11, 0.502503126954
15, -10, 0.502567229518
15, -9, 0.507634459037
15, -8, 0.494817073171
15, -7, 0.484929643527
15, -6, 0.512496873046
15, -5, 0.505240775485
15, -4, 0.485362726704
15, -3, 0.49512195122
15, -2, 0.497933083177
15, -1, 0.480304878049
15, 0, 0.440170419012
15, 1, 0.480103189493
15, 2, 0.479974984365
15, 3, 0.487234208881
