-5, -15, 0.924024024024
-5, -14, 0.924024024024
-5, -13, 0.924024024024
-5, -12, 0.924024024024
-5, -11, 0.924024024024
-5, -10, 0.924024024024
-5, -9, 0.924024024024
-5, -8, 0.924024024024
-5, -7, 0.924024024024
-5, -6, 0.924024024024
-5, -5, 0.924024024024
-5, -4, 0.924024024024
-5, -3, 0.924024024024
-5, -2, 0.924024024024
-5, -1, 0.924024024024
-5, 0, 0.924024024024
-5, 1, 0.924024024024
-5, 2, 0.924024024024
-5, 3, 0.924024024024
-4, -15, 0.924024024024
-4, -14, 0.924024024024
-4, -13, 0.924024024024
-4, -12, 0.924024024024
-4, -11, 0.924024024024
-4, -10, 0.924024024024
-4, -9, 0.924024024024
-4, -8, 0.924024024024
-4, -7, 0.924024024024
-4, -6, 0.924024024024
-4, -5, 0.924024024024
-4, -4, 0.924024024024
-4, -3, 0.924024024024
-4, -2, 0.924024024024
-4, -1, 0.924024024024
-4, 0, 0.924024024024
-4, 1, 0.924024024024
-4, 2, 0.924024024024
-4, 3, 0.924024024024
-3, -15, 0.924024024024
-3, -14, 0.924024024024
-3, -13, 0.924024024024
-3, -12, 0.924024024024
-3, -11, 0.924024024024
-3, -10, 0.924024024024
-3, -9, 0.924024024024
-3, -8, 0.924024024024
-3, -7, 0.924024024024
-3, -6, 0.924024024024
-3, -5, 0.924024024024
-3, -4, 0.924024024024
-3, -3, 0.924024024024
-3, -2, 0.924024024024
-3, -1, 0.924024024024
-3, 0, 0.924024024024
-3, 1, 0.924024024024
-3, 2, 0.924024024024
-3, 3, 0.924024024024
-2, -15, 0.924024024024
-2, -14, 0.924024024024
-2, -13, 0.924024024024
-2, -12, 0.924024024024
-2, -11, 0.924024024024
-2, -10, 0.924024024024
-2, -9, 0.924024024024
-2, -8, 0.924024024024
-2, -7, 0.924024024024
-2, -6, 0.924024024024
-2, -5, 0.924024024024
-2, -4, 0.924024024024
-2, -3, 0.924024024024
-2, -2, 0.924024024024
-2, -1, 0.924024024024
-2, 0, 0.924024024024
-2, 1, 0.924024024024
-2, 2, 0.924024024024
-2, 3, 0.924024024024
-1, -15, 0.924024024024
-1, -14, 0.924024024024
-1, -13, 0.924024024024
-1, -12, 0.924024024024
-1, -11, 0.924024024024
-1, -10, 0.924024024024
-1, -9, 0.924024024024
-1, -8, 0.924024024024
-1, -7, 0.924024024024
-1, -6, 0.924024024024
-1, -5, 0.940315315315
-1, -4, 0.967417417417
-1, -3, 0.932132132132
-1, -2, 0.924024024024
-1, -1, 0.924024024024
-1, 0, 0.924024024024
-1, 1, 0.924024024024
-1, 2, 0.924024024024
-1, 3, 0.924024024024
0, -15, 0.924024024024
0, -14, 0.924024024024
0, -13, 0.924024024024
0, -12, 0.924024024024
0, -11, 0.924024024024
0, -10, 0.924024024024
0, -9, 0.924024024024
0, -8, 0.924024024024
0, -7, 0.924024024024
0, -6, 1.0
0, -5, 1.0
0, -4, 1.0
0, -3, 0.972822822823
0, -2, 0.926726726727
0, -1, 0.924024024024
0, 0, 0.924024024024
0, 1, 0.924024024024
0, 2, 0.924024024024
0, 3, 0.924024024024
1, -15, 0.924024024024
1, -14, 0.924024024024
1, -13, 0.924024024024
1, -12, 0.924024024024
1, -11, 0.924024024024
1, -10, 0.924024024024
1, -9, 0.924024024024
1, -8, 0.924024024024
1, -7, 1.0
1, -6, 1.0
1, -5, 1.0
1, -4, 1.0
1, -3, 0.975525525526
1, -2, 0.943018018018
1, -1, 0.924024024024
1, 0, 0.924024024024
1, 1, 0.924024024024
1, 2, 0.924024024024
1, 3, 0.924024024024
2, -15, 0.924024024024
2, -14, 0.924024024024
2, -13, 0.924024024024
2, -12, 0.924024024024
2, -11, 0.924024024024
2, -10, 0.924024024024
2, -9, 0.924024024024
2, -8, 1.0
2, -7, 1.0
2, -6, 1.0
2, -5, 1.0
2, -4, 1.0
2, -3, 0.975525525526
2, -2, 0.943018018018
2, -1, 0.924024024024
2, 0, 0.924024024024
2, 1, 0.924024024024
2, 2, 0.924024024024
2, 3, 0.924024024024
3, -15, 0.924024024024
3, -14, 0.924024024024
3, -13, 0.924024024024
3, -12, 0.924024024024
3, -11, 0.924024024024
3, -10, 0.924024024024
3, -9, 1.0
3, -8, 1.0
3, -7, 1.0
3, -6, 1.0
3, -5, 1.0
3, -4, 1.0
3, -3, 0.975525525526
3, -2, 0.943018018018
3, -1, 0.924024024024
3, 0, 0.924024024024
3, 1, 0.924024024024
3, 2, 0.924024024024
3, 3, 0.924024024024
4, -15, 0.924024024024
4, -14, 0.924024024024
4, -13, 0.924024024024
4, -12, 0.924024024024
4, -11, 0.924024024024
4, -10, 1.0
4, -9, 1.0
4, -8, 1.0
4, -7, 1.0
4, -6, 1.0
4, -5, 1.0
4, -4, 1.0
4, -3, 0.975525525526
4, -2, 0.943018018018
4, -1, 0.924024024024
4, 0, 0.924024024024
4, 1, 0.924024024024
4, 2, 0.924024024024
4, 3, 0.924024024024
5, -15, 0.924024024024
5, -14, 0.924024024024
5, -13, 0.924024024024
5, -12, 0.924024024024
5, -11, 1.0
5, -10, 1.0
5, -9, 1.0
5, -8, 1.0
5, -7, 1.0
5, -6, 1.0
5, -5, 1.0
5, -4, 1.0
5, -3, 0.975525525526
5, -2, 0.943018018018
5, -1, 0.924024024024
5, 0, 0.924024024024
5, 1, 0.924024024024
5, 2, 0.924024024024
5, 3, 0.924024024024
6, -15, 0.924024024024
6, -14, 0.924024024024
6, -13, 0.924024024024
6, -12, 1.0
6, -11, 1.0
6, -10, 1.0
6, -9, 1.0
6, -8, 1.0
6, -7, 1.0
6, -6, 1.0
6, -5, 1.0
6, -4, 1.0
6, -3, 0.975525525526
6, -2, 0.943018018018
6, -1, 0.924024024024
6, 0, 0.924024024024
6, 1, 0.924024024024
6, 2, 0.924024024024
6, 3, 0.924024024024
7, -15, 0.924024024024
7, -14, 0.924024024024
7, -13, 1.0
7, -12, 1.0
7, -11, 1.0
7, -10, 1.0
7, -9, 1.0
7, -8, 1.0
7, -7, 1.0
7, -6, 1.0
7, -5, 1.0
7, -4, 1.0
7, -3, 0.975525525526
7, -2, 0.943018018018
7, -1, 0.924024024024
7, 0, 0.924024024024
7, 1, 0.924024024024
7, 2, 0.924024024024
7, 3, 0.924024024024
8, -15, 0.924024024024
8, -14, 1.0
8, -13, 1.0
8, -12, 1.0
8, -11, 1.0
8, -10, 1.0
8, -9, 1.0
8, -8, 1.0
8, -7, 1.0
8, -6, 1.0
8, -5, 1.0
8, -4, 1.0
8, -3, 0.975525525526
8, -2, 0.943018018018
8, -1, 0.924024024024
8, 0, 0.924024024024
8, 1, 0.924024024024
8, 2, 0.924024024024
8, 3, 0.924024024024
9, -15, 1.0
9, -14, 1.0
9, -13, 1.0
9, -12, 1.0
9, -11, 1.0
9, -10, 1.0
9, -9, 1.0
9, -8, 1.0
9, -7, 1.0
9, -6, 1.0
9, -5, 1.0
9, -4, 1.0
9, -3, 0.975525525526
9, -2, 0.943018018018
9, -1, 0.924024024024
9, 0, 0.924024024024
9, 1, 0.924024024024
9, 2, 0.924024024024
9, 3, 0.924024024024
10, -15, 1.0
10, -14, 1.0
10, -13, 1.0
10, -12, 1.0
10, -11, 1.0
10, -10, 1.0
10, -9, 1.0
10, -8, 1.0
10, -7, 1.0
10, -6, 1.0
10, -5, 1.0
10, -4, 1.0
10, -3, 0.975525525526
10, -2, 0.943018018018
10, -1, 0.924024024024
10, 0, 0.924024024024
10, 1, 0.924024024024
10, 2, 0.924024024024
10, 3, 0.924024024024
11, -15, 1.0
11, -14, 1.0
11, -13, 1.0
11, -12, 1.0
11, -11, 1.0
11, -10, 1.0
11, -9, 1.0
11, -8, 1.0
11, -7, 1.0
11, -6, 1.0
11, -5, 1.0
11, -4, 1.0
11, -3, 0.975525525526
11, -2, 0.943018018018
11, -1, 0.924024024024
11, 0, 0.924024024024
11, 1, 0.924024024024
11, 2, 0.924024024024
11, 3, 0.924024024024
12, -15, 1.0
12, -14, 1.0
12, -13, 1.0
12, -12, 1.0
12, -11, 1.0
12, -10, 1.0
12, -9, 1.0
12, -8, 1.0
12, -7, 1.0
12, -6, 1.0
12, -5, 1.0
12, -4, 1.0
12, -3, 0.975525525526
12, -2, 0.943018018018
12, -1, 0.924024024024
12, 0, 0.924024024024
12, 1, 0.924024024024
12, 2, 0.924024024024
12, 3, 0.924024024024
13, -15, 1.0
13, -14, 1.0
13, -13, 1.0
13, -12, 1.0
13, -11, 1.0
13, -10, 1.0
13, -9, 1.0
13, -8, 1.0
13, -7, 1.0
13, -6, 1.0
13, -5, 1.0
13, -4, 1.0
13, -3, 0.975525525526
13, -2, 0.943018018018
13, -1, 0.924024024024
13, 0, 0.924024024024
13, 1, 0.924024024024
13, 2, 0.924024024024
13, 3, 0.924024024024
14, -15, 1.0
14, -14, 1.0
14, -13, 1.0
14, -12, 1.0
14, -11, 1.0
14, -10, 1.0
14, -9, 1.0
14, -8, 1.0
14, -7, 1.0
14, -6, 1.0
14, -5, 1.0
14, -4, 1.0
14, -3, 0.975525525526
14, -2, 0.943018018018
14, -1, 0.924024024024
14, 0, 0.924024024024
14, 1, 0.924024024024
14, 2, 0.924024024024
14, 3, 0.924024024024
15, -15, 1.0
15, -14, 1.0
15, -13, 1.0
15, -12, 1.0
15, -11, 1.0
15, -10, 1.0
15, -9, 1.0
15, -8, 1.0
15, -7, 1.0
15, -6, 1.0
15, -5, 1.0
15, -4, 1.0
15, -3, 0.975525525526
15, -2, 0.943018018018
15, -1, 0.924024024024
15, 0, 0.924024024024
15, 1, 0.924024024024
15, 2, 0.924024024024
15, 3, 0.924024024024
