-5, -15, 0.7
-5, -14, 0.7
-5, -13, 0.7
-5, -12, 0.7
-5, -11, 0.7
-5, -10, 0.7
-5, -9, 0.7
-5, -8, 0.7
-5, -7, 0.7
-5, -6, 0.7
-5, -5, 0.7
-5, -4, 0.7
-5, -3, 0.7
-5, -2, 0.7
-5, -1, 0.7
-5, 0, 0.7
-5, 1, 0.7
-5, 2, 0.7
-5, 3, 0.7
-4, -15, 0.7
-4, -14, 0.7
-4, -13, 0.7
-4, -12, 0.7
-4, -11, 0.7
-4, -10, 0.7
-4, -9, 0.7
-4, -8, 0.7
-4, -7, 0.7
-4, -6, 0.7
-4, -5, 0.7
-4, -4, 0.7
-4, -3, 0.7
-4, -2, 0.7
-4, -1, 0.7
-4, 0, 0.7
-4, 1, 0.7
-4, 2, 0.7
-4, 3, 0.7
-3, -15, 0.7
-3, -14, 0.7
-3, -13, 0.7
-3, -12, 0.7
-3, -11, 0.7
-3, -10, 0.7
-3, -9, 0.7
-3, -8, 0.7
-3, -7, 0.7
-3, -6, 0.7
-3, -5, 0.7
-3, -4, 0.7
-3, -3, 0.7
-3, -2, 0.7
-3, -1, 0.7
-3, 0, 0.7
-3, 1, 0.7
-3, 2, 0.7
-3, 3, 0.7
-2, -15, 0.7
-2, -14, 0.7
-2, -13, 0.7
-2, -12, 0.7
-2, -11, 0.7
-2, -10, 0.7
-2, -9, 0.7
-2, -8, 0.7
-2, -7, 0.7
-2, -6, 0.7
-2, -5, 0.7
-2, -4, 0.7
-2, -3, 0.7
-2, -2, 0.7
-2, -1, 0.7
-2, 0, 0.7
-2, 1, 0.7
-2, 2, 0.7
-2, 3, 0.7
-1, -15, 0.7
-1, -14, 0.7
-1, -13, 0.7
-1, -12, 0.7
-1, -11, 0.7
-1, -10, 0.7
-1, -9, 0.7
-1, -8, 0.7
-1, -7, 0.7
-1, -6, 0.7
-1, -5, 0.711
-1, -4, 0.744
-1, -3, 0.739
-1, -2, 0.724
-1, -1, 0.702
-1, 0, 0.7
-1, 1, 0.7
-1, 2, 0.7
-1, 3, 0.7
0, -15, 0.7
0, -14, 0.7
0, -13, 0.7
0, -12, 0.7
0, -11, 0.7
0, -10, 0.7
0, -9, 0.7
0, -8, 0.7
0, -7, 0.7
0, -6, 0.724
0, -5, 0.753
0, -4, 0.767
0, -3, 0.762
0, -2, 0.759
0, -1, 0.713
0, 0, 0.701
0, 1, 0.699
0, 2, 0.699
0, 3, 0.7
1, -15, 0.7
1, -14, 0.7
1, -13, 0.7
1, -12, 0.7
1, -11, 0.7
1, -10, 0.7
1, -9, 0.7
1, -8, 0.7
1, -7, 0.73
1, -6, 0.753
1, -5, 0.758
1, -4, 0.76
1, -3, 0.758
1, -2, 0.749
1, -1, 0.727
1, 0, 0.701
1, 1, 0.701
1, 2, 0.701
1, 3, 0.699
2, -15, 0.7
2, -14, 0.7
2, -13, 0.7
2, -12, 0.7
2, -11, 0.7
2, -10, 0.7
2, -9, 0.7
2, -8, 0.732
2, -7, 0.753
2, -6, 0.758
2, -5, 0.756
2, -4, 0.766
2, -3, 0.744
2, -2, 0.744
2, -1, 0.729
2, 0, 0.701
2, 1, 0.701
2, 2, 0.701
2, 3, 0.699
3, -15, 0.7
3, -14, 0.7
3, -13, 0.7
3, -12, 0.7
3, -11, 0.7
3, -10, 0.7
3, -9, 0.736
3, -8, 0.753
3, -7, 0.746
3, -6, 0.752
3, -5, 0.763
3, -4, 0.738
3, -3, 0.751
3, -2, 0.749
3, -1, 0.729
3, 0, 0.701
3, 1, 0.701
3, 2, 0.701
3, 3, 0.699
4, -15, 0.7
4, -14, 0.7
4, -13, 0.7
4, -12, 0.7
4, -11, 0.7
4, -10, 0.737
4, -9, 0.751
4, -8, 0.75
4, -7, 0.755
4, -6, 0.751
4, -5, 0.755
4, -4, 0.751
4, -3, 0.74
4, -2, 0.748
4, -1, 0.724
4, 0, 0.701
4, 1, 0.701
4, 2, 0.701
4, 3, 0.699
5, -15, 0.7
5, -14, 0.7
5, -13, 0.7
5, -12, 0.7
5, -11, 0.739
5, -10, 0.75
5, -9, 0.75
5, -8, 0.748
5, -7, 0.749
5, -6, 0.755
5, -5, 0.74
5, -4, 0.747
5, -3, 0.738
5, -2, 0.747
5, -1, 0.723
5, 0, 0.701
5, 1, 0.701
5, 2, 0.701
5, 3, 0.699
6, -15, 0.7
6, -14, 0.7
6, -13, 0.7
6, -12, 0.739
6, -11, 0.751
6, -10, 0.751
6, -9, 0.748
6, -8, 0.747
6, -7, 0.744
6, -6, 0.752
6, -5, 0.746
6, -4, 0.74
6, -3, 0.734
6, -2, 0.745
6, -1, 0.723
6, 0, 0.701
6, 1, 0.701
6, 2, 0.701
6, 3, 0.699
7, -15, 0.7
7, -14, 0.7
7, -13, 0.739
7, -12, 0.751
7, -11, 0.752
7, -10, 0.748
7, -9, 0.75
7, -8, 0.744
7, -7, 0.752
7, -6, 0.743
7, -5, 0.737
7, -4, 0.726
7, -3, 0.737
7, -2, 0.745
7, -1, 0.723
7, 0, 0.701
7, 1, 0.701
7, 2, 0.701
7, 3, 0.699
8, -15, 0.7
8, -14, 0.738
8, -13, 0.751
8, -12, 0.752
8, -11, 0.747
8, -10, 0.748
8, -9, 0.744
8, -8, 0.743
8, -7, 0.75
8, -6, 0.746
8, -5, 0.728
8, -4, 0.723
8, -3, 0.737
8, -2, 0.745
8, -1, 0.723
8, 0, 0.701
8, 1, 0.701
8, 2, 0.701
8, 3, 0.699
9, -15, 0.738
9, -14, 0.751
9, -13, 0.752
9, -12, 0.747
9, -11, 0.744
9, -10, 0.749
9, -9, 0.744
9, -8, 0.752
9, -7, 0.747
9, -6, 0.731
9, -5, 0.71
9, -4, 0.718
9, -3, 0.737
9, -2, 0.745
9, -1, 0.723
9, 0, 0.701
9, 1, 0.701
9, 2, 0.701
9, 3, 0.699
10, -15, 0.751
10, -14, 0.751
10, -13, 0.746
10, -12, 0.748
10, -11, 0.751
10, -10, 0.744
10, -9, 0.747
10, -8, 0.75
10, -7, 0.746
10, -6, 0.716
10, -5, 0.709
10, -4, 0.719
10, -3, 0.737
10, -2, 0.745
10, -1, 0.723
10, 0, 0.701
10, 1, 0.701
10, 2, 0.701
10, 3, 0.699
11, -15, 0.75
11, -14, 0.743
11, -13, 0.747
11, -12, 0.75
11, -11, 0.746
11, -10, 0.745
11, -9, 0.751
11, -8, 0.751
11, -7, 0.729
11, -6, 0.699
11, -5, 0.703
11, -4, 0.719
11, -3, 0.737
11, -2, 0.745
11, -1, 0.723
11, 0, 0.701
11, 1, 0.701
11, 2, 0.701
11, 3, 0.699
12, -15, 0.742
12, -14, 0.746
12, -13, 0.75
12, -12, 0.75
12, -11, 0.744
12, -10, 0.747
12, -9, 0.751
12, -8, 0.742
12, -7, 0.711
12, -6, 0.703
12, -5, 0.7
12, -4, 0.719
12, -3, 0.737
12, -2, 0.745
12, -1, 0.723
12, 0, 0.701
12, 1, 0.701
12, 2, 0.701
12, 3, 0.699
13, -15, 0.746
13, -14, 0.749
13, -13, 0.75
13, -12, 0.745
13, -11, 0.743
13, -10, 0.749
13, -9, 0.751
13, -8, 0.726
13, -7, 0.698
13, -6, 0.699
13, -5, 0.7
13, -4, 0.719
13, -3, 0.737
13, -2, 0.745
13, -1, 0.723
13, 0, 0.701
13, 1, 0.701
13, 2, 0.701
13, 3, 0.699
14, -15, 0.751
14, -14, 0.75
14, -13, 0.745
14, -12, 0.746
14, -11, 0.746
14, -10, 0.75
14, -9, 0.741
14, -8, 0.707
14, -7, 0.694
14, -6, 0.699
14, -5, 0.7
14, -4, 0.719
14, -3, 0.737
14, -2, 0.745
14, -1, 0.723
14, 0, 0.701
14, 1, 0.701
14, 2, 0.701
14, 3, 0.699
15, -15, 0.752
15, -14, 0.748
15, -13, 0.745
15, -12, 0.744
15, -11, 0.751
15, -10, 0.75
15, -9, 0.727
15, -8, 0.693
15, -7, 0.688
15, -6, 0.699
15, -5, 0.7
15, -4, 0.719
15, -3, 0.737
15, -2, 0.745
15, -1, 0.723
15, 0, 0.701
15, 1, 0.701
15, 2, 0.701
15, 3, 0.699
