-5, -15, 0.530649531351
-5, -14, 0.530649531351
-5, -13, 0.530649531351
-5, -12, 0.530649531351
-5, -11, 0.530649531351
-5, -10, 0.530649531351
-5, -9, 0.530649531351
-5, -8, 0.530649531351
-5, -7, 0.530649531351
-5, -6, 0.530649531351
-5, -5, 0.532193097388
-5, -4, 0.868987892681
-5, -3, 0.934777206815
-5, -2, 0.937582850718
-5, -1, 0.938704872008
-5, 0, 0.939265095546
-5, 1, 0.939405741416
-5, 2, 0.940528155571
-5, 3, 0.941509727423
-4, -15, 0.530649531351
-4, -14, 0.530649531351
-4, -13, 0.530649531351
-4, -12, 0.530649531351
-4, -11, 0.530649531351
-4, -10, 0.530649531351
-4, -9, 0.530649531351
-4, -8, 0.530649531351
-4, -7, 0.530649531351
-4, -6, 0.532193097388
-4, -5, 0.871372385253
-4, -4, 0.934917262838
-4, -3, 0.937863356178
-4, -2, 0.939125236507
-4, -1, 0.939405151568
-4, 0, 0.939265291978
-4, 1, 0.939686442757
-4, 2, 0.940808857464
-4, 3, 0.9422104004
-3, -15, 0.530649531351
-3, -14, 0.530649531351
-3, -13, 0.530649531351
-3, -12, 0.530649531351
-3, -11, 0.530649531351
-3, -10, 0.530649531351
-3, -9, 0.530649531351
-3, -8, 0.530649531351
-3, -7, 0.532193097388
-3, -6, 0.873477159195
-3, -5, 0.934917262838
-3, -4, 0.93772290674
-3, -3, 0.939125236507
-3, -2, 0.939545601007
-3, -1, 0.939405544433
-3, 0, 0.939966948218
-3, 1, 0.940107397104
-3, 2, 0.941229221963
-3, 3, 0.941789249069
-2, -15, 0.530649531351
-2, -14, 0.530649531351
-2, -13, 0.530649531351
-2, -12, 0.530649531351
-2, -11, 0.530649531351
-2, -10, 0.530649531351
-2, -9, 0.530649531351
-2, -8, 0.532193097388
-2, -7, 0.8740377767
-2, -6, 0.934917262838
-2, -5, 0.937863356178
-2, -4, 0.93926529253
-2, -3, 0.939686050445
-2, -2, 0.939405348
-2, -1, 0.93982649878
-2, 0, 0.940107201224
-2, 1, 0.940668408025
-2, 2, 0.941088182677
-2, 3, 0.941649193046
-1, -15, 0.530649531351
-1, -14, 0.530649531351
-1, -13, 0.530649531351
-1, -12, 0.530649531351
-1, -11, 0.530649531351
-1, -10, 0.530649531351
-1, -9, 0.532193097388
-1, -8, 0.874458534615
-1, -7, 0.934917262838
-1, -6, 0.937863356178
-1, -5, 0.939125040075
-1, -4, 0.939686050445
-1, -3, 0.939264898562
-1, -2, 0.939966554802
-1, -1, 0.939686246325
-1, 0, 0.940527762155
-1, 1, 0.940948717054
-1, 2, 0.941368687586
-1, 3, 0.941789839468
0, -15, 0.530649531351
0, -14, 0.530649531351
0, -13, 0.530649531351
0, -12, 0.530649531351
0, -11, 0.530649531351
0, -10, 0.532193097388
0, -9, 0.874598984054
0, -8, 0.934917262838
0, -7, 0.937863356178
0, -6, 0.939125040075
0, -5, 0.939545601007
0, -4, 0.939264898562
0, -3, 0.939966554802
0, -2, 0.939686246325
0, -1, 0.940387706133
0, 0, 0.940387706133
0, 1, 0.941229221963
0, 2, 0.942069557546
0, 3, 0.941649193046
1, -15, 0.530649531351
1, -14, 0.530649531351
1, -13, 0.530649531351
1, -12, 0.530649531351
1, -11, 0.532193097388
1, -10, 0.874598984054
1, -9, 0.934917262838
1, -8, 0.937863356178
1, -7, 0.939265096098
1, -6, 0.939545601007
1, -5, 0.939264898562
1, -4, 0.939966554802
1, -3, 0.93982649878
1, -2, 0.940387706133
1, -1, 0.940247060263
1, 0, 0.940528548987
1, 1, 0.941228828547
1, 2, 0.941930091923
1, 3, 0.941228435131
2, -15, 0.530649531351
2, -14, 0.530649531351
2, -13, 0.530649531351
2, -12, 0.532193097388
2, -11, 0.874598984054
2, -10, 0.934917262838
2, -9, 0.937863356178
2, -8, 0.939265096098
2, -7, 0.939545601007
2, -6, 0.939264898562
2, -5, 0.939966554802
2, -4, 0.939966751234
2, -3, 0.94024765011
2, -2, 0.940387509701
2, -1, 0.94010700424
2, 0, 0.940809054447
2, 1, 0.941228631563
2, 2, 0.942070344929
2, 3, 0.941789838916
3, -15, 0.530649531351
3, -14, 0.530649531351
3, -13, 0.532193097388
3, -12, 0.874598984054
3, -11, 0.934917262838
3, -10, 0.937863356178
3, -9, 0.939265096098
3, -8, 0.939545601007
3, -7, 0.939264898562
3, -6, 0.939966554802
3, -5, 0.939966751234
3, -4, 0.940106807256
3, -3, 0.940247060263
3, -2, 0.940387509701
3, -1, 0.940247453678
3, 0, 0.941229418947
3, 1, 0.942069753978
3, 2, 0.942070738345
3, 3, 0.941648799079
4, -15, 0.530649531351
4, -14, 0.532193097388
4, -13, 0.874598984054
4, -12, 0.934917262838
4, -11, 0.937863356178
4, -10, 0.939265096098
4, -9, 0.939545601007
4, -8, 0.939264898562
4, -7, 0.939966554802
4, -6, 0.939966751234
4, -5, 0.940106610273
4, -4, 0.940387312717
4, -3, 0.940106610824
4, -2, 0.94010700424
4, -1, 0.940528352555
4, 0, 0.941649389478
4, 1, 0.941509726872
4, 2, 0.94193068177
4, 3, 0.942210006984
5, -15, 0.532193097388
5, -14, 0.874598984054
5, -13, 0.934917262838
5, -12, 0.937863356178
5, -11, 0.939265096098
5, -10, 0.939545601007
5, -9, 0.939264898562
5, -8, 0.939966554802
5, -7, 0.939966751234
5, -6, 0.940106610273
5, -5, 0.940387312717
5, -4, 0.940247060263
5, -3, 0.940387509701
5, -2, 0.940527959139
5, -1, 0.940949307454
5, 0, 0.941368884018
5, 1, 0.941789838916
5, 2, 0.941929894939
5, 3, 0.94164939003
6, -15, 0.874598984054
6, -14, 0.934917262838
6, -13, 0.937863356178
6, -12, 0.939265096098
6, -11, 0.939545601007
6, -10, 0.939264898562
6, -9, 0.939966554802
6, -8, 0.939966751234
6, -7, 0.940106610273
6, -6, 0.940387509149
6, -5, 0.940247060263
6, -4, 0.940106807808
6, -3, 0.94010700424
6, -2, 0.940948913486
6, -1, 0.941088969508
6, 0, 0.94164958591
6, 1, 0.941790429316
6, 2, 0.941649389478
6, 3, 0.940526974772
7, -15, 0.934917262838
7, -14, 0.937863356178
7, -13, 0.939125040075
7, -12, 0.939545601007
7, -11, 0.939264898562
7, -10, 0.939966554802
7, -9, 0.939966751234
7, -8, 0.940106610273
7, -7, 0.940247059711
7, -6, 0.940246863279
7, -5, 0.940106610824
7, -4, 0.940247257246
7, -3, 0.940106807808
7, -2, 0.940808858015
7, -1, 0.941649782894
7, 0, 0.94136908045
7, 1, 0.941649586462
7, 2, 0.941508743056
7, 3, 0.93954402624
8, -15, 0.937863356178
8, -14, 0.939265096098
8, -13, 0.939545601007
8, -12, 0.939264898562
8, -11, 0.939966554802
8, -10, 0.939966751234
8, -9, 0.940106610273
8, -8, 0.940247059711
8, -7, 0.940246863279
8, -6, 0.940247060263
8, -5, 0.940106807808
8, -4, 0.940106807808
8, -3, 0.940527959691
8, -2, 0.940668605009
8, -1, 0.941368884018
8, 0, 0.941229614827
8, 1, 0.941929698507
8, 2, 0.941649389478
8, 3, 0.938141893456
9, -15, 0.939265096098
9, -14, 0.939545601007
9, -13, 0.939264898562
9, -12, 0.939966554802
9, -11, 0.939966751234
9, -10, 0.940106610273
9, -9, 0.940247059711
9, -8, 0.940246863279
9, -7, 0.940247060263
9, -6, 0.940106807808
9, -5, 0.939965964954
9, -4, 0.939966555354
9, -3, 0.940528549539
9, -2, 0.940808857464
9, -1, 0.941649192494
9, 0, 0.941089558804
9, 1, 0.94136829417
9, 2, 0.940948323086
9, 3, 0.93702046422
10, -15, 0.939545601007
10, -14, 0.939264898562
10, -13, 0.939966554802
10, -12, 0.939966751234
10, -11, 0.940106610273
10, -10, 0.940107003688
10, -9, 0.940246863279
10, -8, 0.940247060263
10, -7, 0.940247060263
10, -6, 0.940106807808
10, -5, 0.940106807808
10, -4, 0.940527959691
10, -3, 0.939967145202
10, -2, 0.941649782894
10, -1, 0.941228631011
10, 0, 0.9417900359
10, 1, 0.941368097186
10, 2, 0.940106414392
10, 3, 0.936459256867
11, -15, 0.939264898562
11, -14, 0.939966554802
11, -13, 0.939966751234
11, -12, 0.940106610273
11, -11, 0.940107003688
11, -10, 0.940246863279
11, -9, 0.940246863279
11, -8, 0.940106807808
11, -7, 0.940106807808
11, -6, 0.939825515516
11, -5, 0.939826499331
11, -4, 0.940247847646
11, -3, 0.940107201224
11, -2, 0.941369081001
11, -1, 0.94094871595
11, 0, 0.941509137024
11, 1, 0.94164879963
11, 2, 0.939263914747
11, 3, 0.934494735931
12, -15, 0.939966554802
12, -14, 0.939966751234
12, -13, 0.940106610273
12, -12, 0.93996655425
12, -11, 0.940106807256
12, -10, 0.940387312717
12, -9, 0.940106807808
12, -8, 0.940247060263
12, -7, 0.940106807808
12, -6, 0.939966555354
12, -5, 0.940387707236
12, -4, 0.940106807808
12, -3, 0.940668605009
12, -2, 0.941509136472
12, -1, 0.940808856912
12, 0, 0.941088182125
12, 1, 0.9408072838
12, 2, 0.937018495486
12, 3, 0.933232461634
13, -15, 0.939966751234
13, -14, 0.940106610273
13, -13, 0.940106610273
13, -12, 0.940106807256
13, -11, 0.940387312717
13, -10, 0.940247060263
13, -9, 0.940106807808
13, -8, 0.940106807808
13, -7, 0.939965964954
13, -6, 0.939966555354
13, -5, 0.940387903668
13, -4, 0.940107201224
13, -3, 0.94150953044
13, -2, 0.941228238147
13, -1, 0.941650373294
13, 0, 0.940526974772
13, 1, 0.94052677834
13, 2, 0.936598328523
13, 3, 0.930707913592
14, -15, 0.940106610273
14, -14, 0.940107003688
14, -13, 0.940106413841
14, -12, 0.940387312717
14, -11, 0.940387116285
14, -10, 0.940387116285
14, -9, 0.94010700424
14, -8, 0.940106807808
14, -7, 0.939966555354
14, -6, 0.940247257798
14, -5, 0.939825908932
14, -4, 0.93996694877
14, -3, 0.941509137024
14, -2, 0.941368884018
14, -1, 0.941649586462
14, 0, 0.941087789261
14, 1, 0.940105627561
14, 2, 0.935196195739
14, 3, 0.928744181143
15, -15, 0.940106610273
15, -14, 0.940246863279
15, -13, 0.940246863279
15, -12, 0.940247060263
15, -11, 0.940247060263
15, -10, 0.940246863831
15, -9, 0.940106807808
15, -8, 0.939965964954
15, -7, 0.940107004792
15, -6, 0.940107201224
15, -5, 0.93996635837
15, -4, 0.940808661032
15, -3, 0.941509136472
15, -2, 0.941089165389
15, -1, 0.940667227778
15, 0, 0.940806890385
15, 1, 0.940106021528
15, 2, 0.933092799579
15, 3, 0.927903845009
