-5, -15, 0.869501837546
-5, -14, 0.869501837546
-5, -13, 0.869501837546
-5, -12, 0.869501837546
-5, -11, 0.869501837546
-5, -10, 0.869501837546
-5, -9, 0.869501837546
-5, -8, 0.869501837546
-5, -7, 0.869501837546
-5, -6, 0.869501837546
-5, -5, 0.869501837546
-5, -4, 0.869501837546
-5, -3, 0.889506912673
-5, -2, 0.903987037176
-5, -1, 0.900999474987
-5, 0, 0.889504425111
-5, 1, 0.869501837546
-5, 2, 0.869501837546
-5, 3, 0.869501837546
-4, -15, 0.869501837546
-4, -14, 0.869501837546
-4, -13, 0.869501837546
-4, -12, 0.869501837546
-4, -11, 0.869501837546
-4, -10, 0.869501837546
-4, -9, 0.869501837546
-4, -8, 0.869501837546
-4, -7, 0.869501837546
-4, -6, 0.869501837546
-4, -5, 0.869501837546
-4, -4, 0.915494599865
-4, -3, 0.918994624866
-4, -2, 0.935994674867
-4, -1, 0.926487112178
-4, 0, 0.915007012675
-4, 1, 0.893001937548
-4, 2, 0.869501837546
-4, 3, 0.869501837546
-3, -15, 0.869501837546
-3, -14, 0.869501837546
-3, -13, 0.869501837546
-3, -12, 0.869501837546
-3, -11, 0.869501837546
-3, -10, 0.869501837546
-3, -9, 0.869501837546
-3, -8, 0.869501837546
-3, -7, 0.869501837546
-3, -6, 0.869501837546
-3, -5, 0.918994624866
-3, -4, 0.917492112303
-3, -3, 0.948499724993
-3, -2, 0.947994749869
-3, -1, 0.932989649741
-3, 0, 0.922499574989
-3, 1, 0.906011962799
-3, 2, 0.889006912673
-3, 3, 0.872504350109
-2, -15, 0.869501837546
-2, -14, 0.869501837546
-2, -13, 0.869501837546
-2, -12, 0.869501837546
-2, -11, 0.869501837546
-2, -10, 0.869501837546
-2, -9, 0.869501837546
-2, -8, 0.869501837546
-2, -7, 0.869501837546
-2, -6, 0.918994624866
-2, -5, 0.909982062052
-2, -4, 0.951499774994
-2, -3, 0.954502312558
-2, -2, 0.949997262432
-2, -1, 0.938989674742
-2, 0, 0.930494624866
-2, 1, 0.918994574864
-2, 2, 0.904506937673
-2, 3, 0.881509375234
-1, -15, 0.869501837546
-1, -14, 0.869501837546
-1, -13, 0.869501837546
-1, -12, 0.869501837546
-1, -11, 0.869501837546
-1, -10, 0.869501837546
-1, -9, 0.869501837546
-1, -8, 0.869501837546
-1, -7, 0.918494624866
-1, -6, 0.907489549739
-1, -5, 0.953999799995
-1, -4, 0.955002312558
-1, -3, 0.954502312558
-1, -2, 0.952499824996
-1, -1, 0.944989724743
-1, 0, 0.935992137303
-1, 1, 0.926994574864
-1, 2, 0.917997062427
-1, 3, 0.897506912673
0, -15, 0.869501837546
0, -14, 0.869501837546
0, -13, 0.869501837546
0, -12, 0.869501837546
0, -11, 0.869501837546
0, -10, 0.869501837546
0, -9, 0.869501837546
0, -8, 0.917492112303
0, -7, 0.905487037176
0, -6, 0.955502312558
0, -5, 0.955502312558
0, -4, 0.955002312558
0, -3, 0.954002312558
0, -2, 0.952492337308
0, -1, 0.952992312308
0, 0, 0.946489724743
0, 1, 0.938994649866
0, 2, 0.930499649991
0, 3, 0.909504500113
1, -15, 0.869501837546
1, -14, 0.869501837546
1, -13, 0.869501837546
1, -12, 0.869501837546
1, -11, 0.869501837546
1, -10, 0.869501837546
1, -9, 0.916992112303
1, -8, 0.905487037176
1, -7, 0.955502312558
1, -6, 0.955502312558
1, -5, 0.955502312558
1, -4, 0.955002312558
1, -3, 0.954497337433
1, -2, 0.956992337308
1, -1, 0.961494849871
1, 0, 0.94948721218
1, 1, 0.941989674742
1, 2, 0.931997162429
1, 3, 0.914499524988
2, -15, 0.869501837546
2, -14, 0.869501837546
2, -13, 0.869501837546
2, -12, 0.869501837546
2, -11, 0.869501837546
2, -10, 0.917494624866
2, -9, 0.905487037176
2, -8, 0.955502312558
2, -7, 0.955502312558
2, -6, 0.955502312558
2, -5, 0.955502312558
2, -4, 0.953499824996
2, -3, 0.958492337308
2, -2, 0.965994874872
2, -1, 0.964492362309
2, 0, 0.95098721218
2, 1, 0.940987162179
2, 2, 0.929997162429
2, 3, 0.913499524988
3, -15, 0.869501837546
3, -14, 0.869501837546
3, -13, 0.869501837546
3, -12, 0.869501837546
3, -11, 0.917494624866
3, -10, 0.905487037176
3, -9, 0.955502312558
3, -8, 0.955502312558
3, -7, 0.955502312558
3, -6, 0.955502312558
3, -5, 0.954002312558
3, -4, 0.958492337308
3, -3, 0.968994899872
3, -2, 0.966492362309
3, -1, 0.963489874747
3, 0, 0.950484749619
3, 1, 0.939487162179
3, 2, 0.931497162429
3, 3, 0.913499524988
4, -15, 0.869501837546
4, -14, 0.869501837546
4, -13, 0.869501837546
4, -12, 0.917494624866
4, -11, 0.905487037176
4, -10, 0.955502312558
4, -9, 0.955502312558
4, -8, 0.955502312558
4, -7, 0.955502312558
4, -6, 0.955002312558
4, -5, 0.957494824871
4, -4, 0.964494874872
4, -3, 0.966489874747
4, -2, 0.966989874747
4, -1, 0.963987387185
4, 0, 0.950487262182
4, 1, 0.940489674742
4, 2, 0.930497162429
4, 3, 0.913004500113
5, -15, 0.869501837546
5, -14, 0.869501837546
5, -13, 0.917494624866
5, -12, 0.905487037176
5, -11, 0.955502312558
5, -10, 0.955502312558
5, -9, 0.955502312558
5, -8, 0.955502312558
5, -7, 0.955002312558
5, -6, 0.956494824871
5, -5, 0.962494874872
5, -4, 0.965492362309
5, -3, 0.966989874747
5, -2, 0.965489874747
5, -1, 0.960984874622
5, 0, 0.948487262182
5, 1, 0.939989674742
5, 2, 0.929497137428
5, 3, 0.913004500113
6, -15, 0.869501837546
6, -14, 0.917494624866
6, -13, 0.905487037176
6, -12, 0.955502312558
6, -11, 0.955502312558
6, -10, 0.955502312558
6, -9, 0.955502312558
6, -8, 0.954502312558
6, -7, 0.955994824871
6, -6, 0.961492362309
6, -5, 0.965494874872
6, -4, 0.967497362434
6, -3, 0.963489874747
6, -2, 0.961987387185
6, -1, 0.957482362059
6, 0, 0.947487262182
6, 1, 0.936987137178
6, 2, 0.929999624991
6, 3, 0.91500201255
7, -15, 0.917494624866
7, -14, 0.905487037176
7, -13, 0.955502312558
7, -12, 0.955502312558
7, -11, 0.955502312558
7, -10, 0.955502312558
7, -9, 0.954502312558
7, -8, 0.955994824871
7, -7, 0.960492362309
7, -6, 0.964992362309
7, -5, 0.965494849871
7, -4, 0.961484824621
7, -3, 0.958492337308
7, -2, 0.958489874747
7, -1, 0.957484874622
7, 0, 0.947982262057
7, 1, 0.938487137178
7, 2, 0.929999624991
7, 3, 0.91500201255
8, -15, 0.905487037176
8, -14, 0.955502312558
8, -13, 0.955502312558
8, -12, 0.955502312558
8, -11, 0.955502312558
8, -10, 0.954502312558
8, -9, 0.955994824871
8, -8, 0.961992362309
8, -7, 0.963997337433
8, -6, 0.963492337308
8, -5, 0.961487337183
8, -4, 0.957487312183
8, -3, 0.954497337433
8, -2, 0.952494849871
8, -1, 0.955984849621
8, 0, 0.950482262057
8, 1, 0.936989649741
8, 2, 0.929999624991
8, 3, 0.91500201255
9, -15, 0.955502312558
9, -14, 0.955502312558
9, -13, 0.955502312558
9, -12, 0.955502312558
9, -11, 0.954502312558
9, -10, 0.955994824871
9, -9, 0.961992362309
9, -8, 0.962497337433
9, -7, 0.961492337308
9, -6, 0.960994824871
9, -5, 0.957987312183
9, -4, 0.952989824746
9, -3, 0.951494849871
9, -2, 0.950497312433
9, -1, 0.956984824621
9, 0, 0.949984749619
9, 1, 0.936989649741
9, 2, 0.929999624991
9, 3, 0.91500201255
10, -15, 0.955502312558
10, -14, 0.955502312558
10, -13, 0.955502312558
10, -12, 0.954502312558
10, -11, 0.955994824871
10, -10, 0.961492362309
10, -9, 0.960999824996
10, -8, 0.960989824746
10, -7, 0.959994824871
10, -6, 0.958989824746
10, -5, 0.954489824746
10, -4, 0.953992362309
10, -3, 0.948002287557
10, -2, 0.95249479987
10, -1, 0.955987287182
10, 0, 0.949484749619
10, 1, 0.936989649741
10, 2, 0.929999624991
10, 3, 0.91500201255
11, -15, 0.955502312558
11, -14, 0.955502312558
11, -13, 0.954502312558
11, -12, 0.955994824871
11, -11, 0.961492362309
11, -10, 0.960999824996
11, -9, 0.959492312308
11, -8, 0.959499824996
11, -7, 0.956494824871
11, -6, 0.955494824871
11, -5, 0.952984849621
11, -4, 0.949999799995
11, -3, 0.947997287432
11, -2, 0.953002262557
11, -1, 0.954492287307
11, 0, 0.949484749619
11, 1, 0.936989649741
11, 2, 0.929999624991
11, 3, 0.91500201255
12, -15, 0.955502312558
12, -14, 0.954502312558
12, -13, 0.955994824871
12, -12, 0.961492362309
12, -11, 0.961499824996
12, -10, 0.959992312308
12, -9, 0.957997312433
12, -8, 0.956497337433
12, -7, 0.955989849746
12, -6, 0.953484874622
12, -5, 0.953992312308
12, -4, 0.951499799995
12, -3, 0.948999774994
12, -2, 0.949502237556
12, -1, 0.954492287307
12, 0, 0.949484749619
12, 1, 0.936989649741
12, 2, 0.929999624991
12, 3, 0.91500201255
13, -15, 0.954502312558
13, -14, 0.955994824871
13, -13, 0.961492362309
13, -12, 0.960999824996
13, -11, 0.959992312308
13, -10, 0.95749479987
13, -9, 0.956497337433
13, -8, 0.955492337308
13, -7, 0.955984874622
13, -6, 0.952994824871
13, -5, 0.950994824871
13, -4, 0.949497287432
13, -3, 0.947504725118
13, -2, 0.948499724993
13, -1, 0.954492287307
13, 0, 0.949484749619
13, 1, 0.936989649741
13, 2, 0.929999624991
13, 3, 0.91500201255
14, -15, 0.955994824871
14, -14, 0.961492362309
14, -13, 0.961499824996
14, -12, 0.959992312308
14, -11, 0.95849479987
14, -10, 0.956499824996
14, -9, 0.955494824871
14, -8, 0.956487362184
14, -7, 0.949994824871
14, -6, 0.950997312433
14, -5, 0.951992312308
14, -4, 0.950497262432
14, -3, 0.945504725118
14, -2, 0.948499724993
14, -1, 0.954492287307
14, 0, 0.949484749619
14, 1, 0.936989649741
14, 2, 0.929999624991
14, 3, 0.91500201255
15, -15, 0.961492362309
15, -14, 0.960999824996
15, -13, 0.959992312308
15, -12, 0.95899479987
15, -11, 0.956499824996
15, -10, 0.955494824871
15, -9, 0.956489849746
15, -8, 0.950494824871
15, -7, 0.950999799995
15, -6, 0.951497287432
15, -5, 0.94999479987
15, -4, 0.946514725368
15, -3, 0.946004725118
15, -2, 0.948499724993
15, -1, 0.954492287307
15, 0, 0.949484749619
15, 1, 0.936989649741
15, 2, 0.929999624991
15, 3, 0.91500201255
