-5, -15, 0.681281901422
-5, -14, 0.681281901422
-5, -13, 0.681281901422
-5, -12, 0.681281901422
-5, -11, 0.681281901422
-5, -10, 0.681281901422
-5, -9, 0.681281901422
-5, -8, 0.681281901422
-5, -7, 0.681281901422
-5, -6, 0.681281901422
-5, -5, 0.681281901422
-5, -4, 0.681281901422
-5, -3, 0.68467270602
-5, -2, 0.796036430937
-5, -1, 0.701507890123
-5, 0, 0.681281901422
-5, 1, 0.681281901422
-5, 2, 0.681281901422
-5, 3, 0.681281901422
-4, -15, 0.681281901422
-4, -14, 0.681281901422
-4, -13, 0.681281901422
-4, -12, 0.681281901422
-4, -11, 0.681281901422
-4, -10, 0.681281901422
-4, -9, 0.681281901422
-4, -8, 0.681281901422
-4, -7, 0.681281901422
-4, -6, 0.681281901422
-4, -5, 0.681281901422
-4, -4, 0.868525228911
-4, -3, 0.89202805377
-4, -2, 0.88702805377
-4, -1, 0.868495032145
-4, 0, 0.718430742256
-4, 1, 0.681281901422
-4, 2, 0.681281901422
-4, 3, 0.681281901422
-3, -15, 0.681281901422
-3, -14, 0.681281901422
-3, -13, 0.681281901422
-3, -12, 0.681281901422
-3, -11, 0.681281901422
-3, -10, 0.681281901422
-3, -9, 0.681281901422
-3, -8, 0.681281901422
-3, -7, 0.681281901422
-3, -6, 0.681281901422
-3, -5, 0.883580751997
-3, -4, 0.898721994935
-3, -3, 0.897055328268
-3, -2, 0.897083576856
-3, -1, 0.892140074031
-3, 0, 0.81450905903
-3, 1, 0.682976816676
-3, 2, 0.681281901422
-3, 3, 0.681281901422
-2, -15, 0.681281901422
-2, -14, 0.681281901422
-2, -13, 0.681281901422
-2, -12, 0.681281901422
-2, -11, 0.681281901422
-2, -10, 0.681281901422
-2, -9, 0.681281901422
-2, -8, 0.681281901422
-2, -7, 0.681281901422
-2, -6, 0.878466783557
-2, -5, 0.897055328268
-2, -4, 0.903806740697
-2, -3, 0.900445158777
-2, -2, 0.892055328268
-2, -1, 0.900559127216
-2, 0, 0.858352815118
-2, 1, 0.772302746932
-2, 2, 0.681281901422
-2, 3, 0.681281901422
-1, -15, 0.681281901422
-1, -14, 0.681281901422
-1, -13, 0.681281901422
-1, -12, 0.681281901422
-1, -11, 0.681281901422
-1, -10, 0.681281901422
-1, -9, 0.681281901422
-1, -8, 0.679615234756
-1, -7, 0.880190921488
-1, -6, 0.897055328268
-1, -5, 0.900444184687
-1, -4, 0.898749269433
-1, -3, 0.89366452367
-1, -2, 0.893779466199
-1, -1, 0.897197545295
-1, 0, 0.880246444574
-1, 1, 0.797500487045
-1, 2, 0.693119033703
-1, 3, 0.681281901422
0, -15, 0.681281901422
0, -14, 0.681281901422
0, -13, 0.681281901422
0, -12, 0.681281901422
0, -11, 0.681281901422
0, -10, 0.681281901422
0, -9, 0.681281901422
0, -8, 0.880190921488
0, -7, 0.898750243522
0, -6, 0.902139099942
0, -5, 0.898749269433
0, -4, 0.895359438925
0, -3, 0.891997857004
0, -2, 0.89714104812
0, -1, 0.898834989285
0, 0, 0.89205338009
0, 1, 0.836488408338
0, 2, 0.740323397623
0, 3, 0.681281901422
1, -15, 0.681281901422
1, -14, 0.681281901422
1, -13, 0.681281901422
1, -12, 0.681281901422
1, -11, 0.681281901422
1, -10, 0.68131015001
1, -9, 0.880190921488
1, -8, 0.898750243522
1, -7, 0.900444184687
1, -6, 0.897082602766
1, -5, 0.895387687512
1, -4, 0.897026105591
1, -3, 0.893693746347
1, -2, 0.900501655952
1, -1, 0.912281316969
1, 0, 0.897110851354
1, 1, 0.844821741672
1, 2, 0.768911942334
1, 3, 0.682976816676
2, -15, 0.681281901422
2, -14, 0.681281901422
2, -13, 0.681281901422
2, -12, 0.681281901422
2, -11, 0.68131015001
2, -10, 0.880190921488
2, -9, 0.898750243522
2, -8, 0.900444184687
2, -7, 0.897082602766
2, -6, 0.895387687512
2, -5, 0.898777518021
2, -4, 0.89366452367
2, -3, 0.912396259497
2, -2, 0.917424508085
2, -1, 0.905587375804
2, 0, 0.897082602766
2, 1, 0.844764270407
2, 2, 0.768911942334
2, 3, 0.682976816676
3, -15, 0.681281901422
3, -14, 0.681281901422
3, -13, 0.681281901422
3, -12, 0.68131015001
3, -11, 0.880190921488
3, -10, 0.898750243522
3, -9, 0.900444184687
3, -8, 0.897082602766
3, -7, 0.895387687512
3, -6, 0.897082602766
3, -5, 0.891941359829
3, -4, 0.907282291058
3, -3, 0.912339762322
3, -2, 0.90725404247
3, -1, 0.903863237873
3, 0, 0.897082602766
3, 1, 0.844764270407
3, 2, 0.768911942334
3, 3, 0.682976816676
4, -15, 0.681281901422
4, -14, 0.681281901422
4, -13, 0.68131015001
4, -12, 0.878496006234
4, -11, 0.900445158777
4, -10, 0.902139099942
4, -9, 0.897082602766
4, -8, 0.895387687512
4, -7, 0.897082602766
4, -6, 0.891997857004
4, -5, 0.900502630041
4, -4, 0.910673095656
4, -3, 0.907283265147
4, -2, 0.905473407364
4, -1, 0.902168322618
4, 0, 0.897082602766
4, 1, 0.844764270407
4, 2, 0.768911942334
4, 3, 0.682976816676
5, -15, 0.681281901422
5, -14, 0.68131015001
5, -13, 0.878496006234
5, -12, 0.900445158777
5, -11, 0.902139099942
5, -10, 0.897082602766
5, -9, 0.895387687512
5, -8, 0.895387687512
5, -7, 0.897054354179
5, -6, 0.895388661601
5, -5, 0.905530878628
5, -4, 0.903835963374
5, -3, 0.907197545295
5, -2, 0.905473407364
5, -1, 0.902168322618
5, 0, 0.897082602766
5, 1, 0.844764270407
5, 2, 0.768911942334
5, 3, 0.682976816676
6, -15, 0.679643483343
6, -14, 0.878496006234
6, -13, 0.900445158777
6, -12, 0.902139099942
6, -11, 0.897082602766
6, -10, 0.895387687512
6, -9, 0.895387687512
6, -8, 0.897054354179
6, -7, 0.898750243522
6, -6, 0.908864211962
6, -5, 0.900416910189
6, -4, 0.895331190337
6, -3, 0.902083576856
6, -2, 0.905473407364
6, -1, 0.902168322618
6, 0, 0.897082602766
6, 1, 0.844764270407
6, 2, 0.768911942334
6, 3, 0.682976816676
7, -15, 0.878496006234
7, -14, 0.900445158777
7, -13, 0.902139099942
7, -12, 0.897082602766
7, -11, 0.895387687512
7, -10, 0.895387687512
7, -9, 0.897054354179
7, -8, 0.900473407364
7, -7, 0.903863237873
7, -6, 0.905473407364
7, -5, 0.900331190337
7, -4, 0.895332164426
7, -3, 0.90377849211
7, -2, 0.905473407364
7, -1, 0.902168322618
7, 0, 0.897082602766
7, 1, 0.844764270407
7, 2, 0.768911942334
7, 3, 0.682976816676
8, -15, 0.900445158777
8, -14, 0.902139099942
8, -13, 0.897082602766
8, -12, 0.895387687512
8, -11, 0.895387687512
8, -10, 0.897054354179
8, -9, 0.897111825443
8, -8, 0.893777518021
8, -7, 0.905445158777
8, -6, 0.90377849211
8, -5, 0.885131502046
8, -4, 0.886828365478
8, -3, 0.90377849211
8, -2, 0.905473407364
8, -1, 0.902168322618
8, 0, 0.897082602766
8, 1, 0.844764270407
8, 2, 0.768911942334
8, 3, 0.682976816676
9, -15, 0.902139099942
9, -14, 0.897082602766
9, -13, 0.895387687512
9, -12, 0.895387687512
9, -11, 0.895387687512
9, -10, 0.897111825443
9, -9, 0.898834989285
9, -8, 0.89705338009
9, -7, 0.902054354179
9, -6, 0.883408338204
9, -5, 0.883351841029
9, -4, 0.886828365478
9, -3, 0.90377849211
9, -2, 0.905473407364
9, -1, 0.902168322618
9, 0, 0.897082602766
9, 1, 0.844764270407
9, 2, 0.768911942334
9, 3, 0.682976816676
10, -15, 0.897082602766
10, -14, 0.895387687512
10, -13, 0.895387687512
10, -12, 0.895387687512
10, -11, 0.897111825443
10, -10, 0.898834989285
10, -9, 0.893720046756
10, -8, 0.900386713423
10, -7, 0.890218195987
10, -6, 0.876656925774
10, -5, 0.876513734658
10, -4, 0.886828365478
10, -3, 0.90377849211
10, -2, 0.905473407364
10, -1, 0.902168322618
10, 0, 0.897082602766
10, 1, 0.844764270407
10, 2, 0.768911942334
10, 3, 0.682976816676
11, -15, 0.895387687512
11, -14, 0.895387687512
11, -13, 0.897082602766
11, -12, 0.897111825443
11, -11, 0.902224819793
11, -10, 0.888691798169
11, -9, 0.895386713423
11, -8, 0.891941359829
11, -7, 0.878380089616
11, -6, 0.876542957335
11, -5, 0.876513734658
11, -4, 0.886828365478
11, -3, 0.90377849211
11, -2, 0.905473407364
11, -1, 0.902168322618
11, 0, 0.897082602766
11, 1, 0.844764270407
11, 2, 0.768911942334
11, 3, 0.682976816676
12, -15, 0.895387687512
12, -14, 0.897082602766
12, -13, 0.897111825443
12, -12, 0.902224819793
12, -11, 0.885358464835
12, -10, 0.888577829729
12, -9, 0.893606078317
12, -8, 0.885132476135
12, -7, 0.868268069355
12, -6, 0.876571205922
12, -5, 0.876513734658
12, -4, 0.886828365478
12, -3, 0.90377849211
12, -2, 0.905473407364
12, -1, 0.902168322618
12, 0, 0.897082602766
12, 1, 0.844764270407
12, 2, 0.768911942334
12, 3, 0.682976816676
13, -15, 0.897082602766
13, -14, 0.897111825443
13, -13, 0.902224819793
13, -12, 0.887025131502
13, -11, 0.893663549581
13, -10, 0.891967660238
13, -9, 0.88855152932
13, -8, 0.871600428599
13, -7, 0.864820767582
13, -6, 0.876571205922
13, -5, 0.876513734658
13, -4, 0.886828365478
13, -3, 0.90377849211
13, -2, 0.905473407364
13, -1, 0.902168322618
13, 0, 0.897082602766
13, 1, 0.844764270407
13, 2, 0.768911942334
13, 3, 0.682976816676
14, -15, 0.897111825443
14, -14, 0.902224819793
14, -13, 0.887025131502
14, -12, 0.89030196766
14, -11, 0.891996882914
14, -10, 0.888635300994
14, -9, 0.883465809468
14, -8, 0.861516656926
14, -7, 0.868182349503
14, -6, 0.876571205922
14, -5, 0.876513734658
14, -4, 0.886828365478
14, -3, 0.90377849211
14, -2, 0.905473407364
14, -1, 0.902168322618
14, 0, 0.897082602766
14, 1, 0.844764270407
14, 2, 0.768911942334
14, 3, 0.682976816676
15, -15, 0.902224819793
15, -14, 0.887025131502
15, -13, 0.888577829729
15, -12, 0.89030196766
15, -11, 0.883492109877
15, -10, 0.878409312293
15, -9, 0.86473504773
15, -8, 0.868268069355
15, -7, 0.868182349503
15, -6, 0.876571205922
15, -5, 0.876513734658
15, -4, 0.886828365478
15, -3, 0.90377849211
15, -2, 0.905473407364
15, -1, 0.902168322618
15, 0, 0.897082602766
15, 1, 0.844764270407
15, 2, 0.768911942334
15, 3, 0.682976816676
