-5, -15, 0.72
-5, -14, 0.72
-5, -13, 0.72
-5, -12, 0.72
-5, -11, 0.72
-5, -10, 0.72
-5, -9, 0.72
-5, -8, 0.72
-5, -7, 0.72
-5, -6, 0.72
-5, -5, 0.72
-5, -4, 0.72
-5, -3, 0.8875
-5, -2, 0.8905
-5, -1, 0.8735
-5, 0, 0.8055
-5, 1, 0.7205
-5, 2, 0.72
-5, 3, 0.72
-4, -15, 0.72
-4, -14, 0.72
-4, -13, 0.72
-4, -12, 0.72
-4, -11, 0.72
-4, -10, 0.72
-4, -9, 0.72
-4, -8, 0.72
-4, -7, 0.72
-4, -6, 0.72
-4, -5, 0.72
-4, -4, 0.9015
-4, -3, 0.907
-4, -2, 0.9025
-4, -1, 0.89
-4, 0, 0.844
-4, 1, 0.745
-4, 2, 0.72
-4, 3, 0.72
-3, -15, 0.72
-3, -14, 0.72
-3, -13, 0.72
-3, -12, 0.72
-3, -11, 0.72
-3, -10, 0.72
-3, -9, 0.72
-3, -8, 0.72
-3, -7, 0.72
-3, -6, 0.72
-3, -5, 0.9085
-3, -4, 0.909
-3, -3, 0.909
-3, -2, 0.907
-3, -1, 0.8965
-3, 0, 0.867
-3, 1, 0.786
-3, 2, 0.72
-3, 3, 0.72
-2, -15, 0.72
-2, -14, 0.72
-2, -13, 0.72
-2, -12, 0.72
-2, -11, 0.72
-2, -10, 0.72
-2, -9, 0.72
-2, -8, 0.72
-2, -7, 0.72
-2, -6, 0.909
-2, -5, 0.909
-2, -4, 0.909
-2, -3, 0.909
-2, -2, 0.908
-2, -1, 0.9035
-2, 0, 0.8795
-2, 1, 0.8225
-2, 2, 0.7295
-2, 3, 0.72
-1, -15, 0.72
-1, -14, 0.72
-1, -13, 0.72
-1, -12, 0.72
-1, -11, 0.72
-1, -10, 0.72
-1, -9, 0.72
-1, -8, 0.72
-1, -7, 0.909
-1, -6, 0.909
-1, -5, 0.909
-1, -4, 0.909
-1, -3, 0.909
-1, -2, 0.909
-1, -1, 0.906
-1, 0, 0.891
-1, 1, 0.8415
-1, 2, 0.7495
-1, 3, 0.72
0, -15, 0.72
0, -14, 0.72
0, -13, 0.72
0, -12, 0.72
0, -11, 0.72
0, -10, 0.72
0, -9, 0.72
0, -8, 0.909
0, -7, 0.909
0, -6, 0.909
0, -5, 0.909
0, -4, 0.909
0, -3, 0.909
0, -2, 0.9085
0, -1, 0.9055
0, 0, 0.8985
0, 1, 0.8585
0, 2, 0.781
0, 3, 0.7245
1, -15, 0.72
1, -14, 0.72
1, -13, 0.72
1, -12, 0.72
1, -11, 0.72
1, -10, 0.72
1, -9, 0.909
1, -8, 0.909
1, -7, 0.909
1, -6, 0.909
1, -5, 0.909
1, -4, 0.909
1, -3, 0.908
1, -2, 0.907
1, -1, 0.909
1, 0, 0.899
1, 1, 0.8665
1, 2, 0.7935
1, 3, 0.727
2, -15, 0.72
2, -14, 0.72
2, -13, 0.72
2, -12, 0.72
2, -11, 0.72
2, -10, 0.909
2, -9, 0.909
2, -8, 0.909
2, -7, 0.909
2, -6, 0.909
2, -5, 0.909
2, -4, 0.909
2, -3, 0.907
2, -2, 0.9105
2, -1, 0.9035
2, 0, 0.8995
2, 1, 0.8665
2, 2, 0.7935
2, 3, 0.727
3, -15, 0.72
3, -14, 0.72
3, -13, 0.72
3, -12, 0.72
3, -11, 0.909
3, -10, 0.909
3, -9, 0.909
3, -8, 0.909
3, -7, 0.909
3, -6, 0.909
3, -5, 0.909
3, -4, 0.908
3, -3, 0.9045
3, -2, 0.907
3, -1, 0.9
3, 0, 0.8995
3, 1, 0.8665
3, 2, 0.7935
3, 3, 0.727
4, -15, 0.72
4, -14, 0.72
4, -13, 0.72
4, -12, 0.909
4, -11, 0.909
4, -10, 0.909
4, -9, 0.909
4, -8, 0.909
4, -7, 0.909
4, -6, 0.909
4, -5, 0.9085
4, -4, 0.9045
4, -3, 0.903
4, -2, 0.8905
4, -1, 0.9
4, 0, 0.8995
4, 1, 0.8665
4, 2, 0.7935
4, 3, 0.727
5, -15, 0.72
5, -14, 0.72
5, -13, 0.909
5, -12, 0.909
5, -11, 0.909
5, -10, 0.909
5, -9, 0.909
5, -8, 0.909
5, -7, 0.909
5, -6, 0.909
5, -5, 0.908
5, -4, 0.9045
5, -3, 0.8915
5, -2, 0.888
5, -1, 0.9
5, 0, 0.8995
5, 1, 0.8665
5, 2, 0.7935
5, 3, 0.727
6, -15, 0.72
6, -14, 0.909
6, -13, 0.909
6, -12, 0.909
6, -11, 0.909
6, -10, 0.909
6, -9, 0.909
6, -8, 0.909
6, -7, 0.909
6, -6, 0.9085
6, -5, 0.906
6, -4, 0.8995
6, -3, 0.886
6, -2, 0.8895
6, -1, 0.9
6, 0, 0.8995
6, 1, 0.8665
6, 2, 0.7935
6, 3, 0.727
7, -15, 0.909
7, -14, 0.909
7, -13, 0.909
7, -12, 0.909
7, -11, 0.909
7, -10, 0.909
7, -9, 0.909
7, -8, 0.909
7, -7, 0.909
7, -6, 0.9075
7, -5, 0.9
7, -4, 0.886
7, -3, 0.8805
7, -2, 0.8895
7, -1, 0.9
7, 0, 0.8995
7, 1, 0.8665
7, 2, 0.7935
7, 3, 0.727
8, -15, 0.909
8, -14, 0.909
8, -13, 0.909
8, -12, 0.909
8, -11, 0.909
8, -10, 0.909
8, -9, 0.909
8, -8, 0.909
8, -7, 0.9095
8, -6, 0.9035
8, -5, 0.895
8, -4, 0.872
8, -3, 0.8765
8, -2, 0.8895
8, -1, 0.9
8, 0, 0.8995
8, 1, 0.8665
8, 2, 0.7935
8, 3, 0.727
9, -15, 0.909
9, -14, 0.909
9, -13, 0.909
9, -12, 0.909
9, -11, 0.909
9, -10, 0.909
9, -9, 0.909
9, -8, 0.909
9, -7, 0.908
9, -6, 0.9
9, -5, 0.8795
9, -4, 0.872
9, -3, 0.8765
9, -2, 0.8895
9, -1, 0.9
9, 0, 0.8995
9, 1, 0.8665
9, 2, 0.7935
9, 3, 0.727
10, -15, 0.909
10, -14, 0.909
10, -13, 0.909
10, -12, 0.909
10, -11, 0.909
10, -10, 0.909
10, -9, 0.909
10, -8, 0.9095
10, -7, 0.906
10, -6, 0.893
10, -5, 0.869
10, -4, 0.872
10, -3, 0.8765
10, -2, 0.8895
10, -1, 0.9
10, 0, 0.8995
10, 1, 0.8665
10, 2, 0.7935
10, 3, 0.727
11, -15, 0.909
11, -14, 0.909
11, -13, 0.909
11, -12, 0.909
11, -11, 0.909
11, -10, 0.909
11, -9, 0.909
11, -8, 0.908
11, -7, 0.899
11, -6, 0.883
11, -5, 0.8715
11, -4, 0.8715
11, -3, 0.8765
11, -2, 0.8895
11, -1, 0.9
11, 0, 0.8995
11, 1, 0.8665
11, 2, 0.7935
11, 3, 0.727
12, -15, 0.909
12, -14, 0.909
12, -13, 0.909
12, -12, 0.909
12, -11, 0.909
12, -10, 0.909
12, -9, 0.9085
12, -8, 0.905
12, -7, 0.892
12, -6, 0.8645
12, -5, 0.869
12, -4, 0.8715
12, -3, 0.8765
12, -2, 0.8895
12, -1, 0.9
12, 0, 0.8995
12, 1, 0.8665
12, 2, 0.7935
12, 3, 0.727
13, -15, 0.909
13, -14, 0.909
13, -13, 0.909
13, -12, 0.909
13, -11, 0.909
13, -10, 0.909
13, -9, 0.9075
13, -8, 0.898
13, -7, 0.884
13, -6, 0.8575
13, -5, 0.867
13, -4, 0.8715
13, -3, 0.8765
13, -2, 0.8895
13, -1, 0.9
13, 0, 0.8995
13, 1, 0.8665
13, 2, 0.7935
13, 3, 0.727
14, -15, 0.909
14, -14, 0.909
14, -13, 0.909
14, -12, 0.909
14, -11, 0.909
14, -10, 0.9065
14, -9, 0.9035
14, -8, 0.893
14, -7, 0.8675
14, -6, 0.861
14, -5, 0.867
14, -4, 0.8715
14, -3, 0.8765
14, -2, 0.8895
14, -1, 0.9
14, 0, 0.8995
14, 1, 0.8665
14, 2, 0.7935
14, 3, 0.727
15, -15, 0.909
15, -14, 0.909
15, -13, 0.909
15, -12, 0.909
15, -11, 0.9085
15, -10, 0.906
15, -9, 0.895
15, -8, 0.8825
15, -7, 0.8585
15, -6, 0.8595
15, -5, 0.867
15, -4, 0.8715
15, -3, 0.8765
15, -2, 0.8895
15, -1, 0.9
15, 0, 0.8995
15, 1, 0.8665
15, 2, 0.7935
15, 3, 0.727
