-5, -15, 0.510101010101
-5, -14, 0.510101010101
-5, -13, 0.510101010101
-5, -12, 0.510101010101
-5, -11, 0.510101010101
-5, -10, 0.510101010101
-5, -9, 0.510101010101
-5, -8, 0.510101010101
-5, -7, 0.510101010101
-5, -6, 0.510101010101
-5, -5, 0.510101010101
-5, -4, 0.510101010101
-5, -3, 0.510101010101
-5, -2, 0.510101010101
-5, -1, 0.510101010101
-5, 0, 0.510101010101
-5, 1, 0.510101010101
-5, 2, 0.510101010101
-5, 3, 0.510101010101
-4, -15, 0.510101010101
-4, -14, 0.510101010101
-4, -13, 0.510101010101
-4, -12, 0.510101010101
-4, -11, 0.510101010101
-4, -10, 0.510101010101
-4, -9, 0.510101010101
-4, -8, 0.510101010101
-4, -7, 0.510101010101
-4, -6, 0.510101010101
-4, -5, 0.510101010101
-4, -4, 0.510101010101
-4, -3, 0.510101010101
-4, -2, 0.510101010101
-4, -1, 0.510101010101
-4, 0, 0.510101010101
-4, 1, 0.510101010101
-4, 2, 0.510101010101
-4, 3, 0.510101010101
-3, -15, 0.510101010101
-3, -14, 0.510101010101
-3, -13, 0.510101010101
-3, -12, 0.510101010101
-3, -11, 0.510101010101
-3, -10, 0.510101010101
-3, -9, 0.510101010101
-3, -8, 0.510101010101
-3, -7, 0.510101010101
-3, -6, 0.510101010101
-3, -5, 0.510101010101
-3, -4, 0.510101010101
-3, -3, 0.510101010101
-3, -2, 0.510101010101
-3, -1, 0.510101010101
-3, 0, 0.510101010101
-3, 1, 0.510101010101
-3, 2, 0.510101010101
-3, 3, 0.510101010101
-2, -15, 0.510101010101
-2, -14, 0.510101010101
-2, -13, 0.510101010101
-2, -12, 0.510101010101
-2, -11, 0.510101010101
-2, -10, 0.510101010101
-2, -9, 0.510101010101
-2, -8, 0.510101010101
-2, -7, 0.510101010101
-2, -6, 0.510101010101
-2, -5, 0.510101010101
-2, -4, 0.510101010101
-2, -3, 0.510101010101
-2, -2, 0.510101010101
-2, -1, 0.510101010101
-2, 0, 0.510101010101
-2, 1, 0.510101010101
-2, 2, 0.510101010101
-2, 3, 0.510101010101
-1, -15, 0.510101010101
-1, -14, 0.510101010101
-1, -13, 0.510101010101
-1, -12, 0.510101010101
-1, -11, 0.510101010101
-1, -10, 0.510101010101
-1, -9, 0.510101010101
-1, -8, 0.510101010101
-1, -7, 0.510101010101
-1, -6, 0.510101010101
-1, -5, 0.510101010101
-1, -4, 0.509191919192
-1, -3, 0.578282828283
-1, -2, 0.519191919192
-1, -1, 0.510101010101
-1, 0, 0.510101010101
-1, 1, 0.510101010101
-1, 2, 0.510101010101
-1, 3, 0.510101010101
0, -15, 0.510101010101
0, -14, 0.510101010101
0, -13, 0.510101010101
0, -12, 0.510101010101
0, -11, 0.510101010101
0, -10, 0.510101010101
0, -9, 0.510101010101
0, -8, 0.510101010101
0, -7, 0.510101010101
0, -6, 0.510101010101
0, -5, 0.568282828283
0, -4, 0.698484848485
0, -3, 0.689393939394
0, -2, 0.719595959596
0, -1, 0.668484848485
0, 0, 0.510101010101
0, 1, 0.510101010101
0, 2, 0.510101010101
0, 3, 0.510101010101
1, -15, 0.510101010101
1, -14, 0.510101010101
1, -13, 0.510101010101
1, -12, 0.510101010101
1, -11, 0.510101010101
1, -10, 0.510101010101
1, -9, 0.510101010101
1, -8, 0.510101010101
1, -7, 0.510101010101
1, -6, 0.638484848485
1, -5, 0.689393939394
1, -4, 0.700505050505
1, -3, 0.700505050505
1, -2, 0.711616161616
1, -1, 0.679595959596
1, 0, 0.519191919192
1, 1, 0.510101010101
1, 2, 0.510101010101
1, 3, 0.510101010101
2, -15, 0.510101010101
2, -14, 0.510101010101
2, -13, 0.510101010101
2, -12, 0.510101010101
2, -11, 0.510101010101
2, -10, 0.510101010101
2, -9, 0.510101010101
2, -8, 0.510101010101
2, -7, 0.658484848485
2, -6, 0.689393939394
2, -5, 0.710505050505
2, -4, 0.720505050505
2, -3, 0.682525252525
2, -2, 0.711616161616
2, -1, 0.679595959596
2, 0, 0.519191919192
2, 1, 0.510101010101
2, 2, 0.510101010101
2, 3, 0.510101010101
3, -15, 0.510101010101
3, -14, 0.510101010101
3, -13, 0.510101010101
3, -12, 0.510101010101
3, -11, 0.510101010101
3, -10, 0.510101010101
3, -9, 0.510101010101
3, -8, 0.658484848485
3, -7, 0.689393939394
3, -6, 0.711414141414
3, -5, 0.690505050505
3, -4, 0.650505050505
3, -3, 0.682525252525
3, -2, 0.711616161616
3, -1, 0.679595959596
3, 0, 0.519191919192
3, 1, 0.510101010101
3, 2, 0.510101010101
3, 3, 0.510101010101
4, -15, 0.510101010101
4, -14, 0.510101010101
4, -13, 0.510101010101
4, -12, 0.510101010101
4, -11, 0.510101010101
4, -10, 0.510101010101
4, -9, 0.658484848485
4, -8, 0.700505050505
4, -7, 0.711414141414
4, -6, 0.700505050505
4, -5, 0.640505050505
4, -4, 0.610303030303
4, -3, 0.682525252525
4, -2, 0.711616161616
4, -1, 0.679595959596
4, 0, 0.519191919192
4, 1, 0.510101010101
4, 2, 0.510101010101
4, 3, 0.510101010101
5, -15, 0.510101010101
5, -14, 0.510101010101
5, -13, 0.510101010101
5, -12, 0.510101010101
5, -11, 0.510101010101
5, -10, 0.658484848485
5, -9, 0.700505050505
5, -8, 0.711414141414
5, -7, 0.700505050505
5, -6, 0.630505050505
5, -5, 0.600303030303
5, -4, 0.610303030303
5, -3, 0.682525252525
5, -2, 0.711616161616
5, -1, 0.679595959596
5, 0, 0.519191919192
5, 1, 0.510101010101
5, 2, 0.510101010101
5, 3, 0.510101010101
6, -15, 0.510101010101
6, -14, 0.510101010101
6, -13, 0.510101010101
6, -12, 0.510101010101
6, -11, 0.658484848485
6, -10, 0.700505050505
6, -9, 0.711414141414
6, -8, 0.690505050505
6, -7, 0.640505050505
6, -6, 0.640505050505
6, -5, 0.600303030303
6, -4, 0.610303030303
6, -3, 0.682525252525
6, -2, 0.711616161616
6, -1, 0.679595959596
6, 0, 0.519191919192
6, 1, 0.510101010101
6, 2, 0.510101010101
6, 3, 0.510101010101
7, -15, 0.510101010101
7, -14, 0.510101010101
7, -13, 0.510101010101
7, -12, 0.658484848485
7, -11, 0.700505050505
7, -10, 0.711414141414
7, -9, 0.690505050505
7, -8, 0.650505050505
7, -7, 0.649393939394
7, -6, 0.600303030303
7, -5, 0.600303030303
7, -4, 0.610303030303
7, -3, 0.682525252525
7, -2, 0.711616161616
7, -1, 0.679595959596
7, 0, 0.519191919192
7, 1, 0.510101010101
7, 2, 0.510101010101
7, 3, 0.510101010101
8, -15, 0.510101010101
8, -14, 0.510101010101
8, -13, 0.658484848485
8, -12, 0.700505050505
8, -11, 0.711414141414
8, -10, 0.690505050505
8, -9, 0.650505050505
8, -8, 0.649393939394
8, -7, 0.600303030303
8, -6, 0.600303030303
8, -5, 0.600303030303
8, -4, 0.610303030303
8, -3, 0.682525252525
8, -2, 0.711616161616
8, -1, 0.679595959596
8, 0, 0.519191919192
8, 1, 0.510101010101
8, 2, 0.510101010101
8, 3, 0.510101010101
9, -15, 0.510101010101
9, -14, 0.658484848485
9, -13, 0.700505050505
9, -12, 0.711414141414
9, -11, 0.690505050505
9, -10, 0.650505050505
9, -9, 0.639393939394
9, -8, 0.629393939394
9, -7, 0.620303030303
9, -6, 0.600303030303
9, -5, 0.600303030303
9, -4, 0.610303030303
9, -3, 0.682525252525
9, -2, 0.711616161616
9, -1, 0.679595959596
9, 0, 0.519191919192
9, 1, 0.510101010101
9, 2, 0.510101010101
9, 3, 0.510101010101
10, -15, 0.658484848485
10, -14, 0.700505050505
10, -13, 0.711414141414
10, -12, 0.690505050505
10, -11, 0.650505050505
10, -10, 0.639393939394
10, -9, 0.639393939394
10, -8, 0.650303030303
10, -7, 0.620303030303
10, -6, 0.600303030303
10, -5, 0.600303030303
10, -4, 0.610303030303
10, -3, 0.682525252525
10, -2, 0.711616161616
10, -1, 0.679595959596
10, 0, 0.519191919192
10, 1, 0.510101010101
10, 2, 0.510101010101
10, 3, 0.510101010101
11, -15, 0.700505050505
11, -14, 0.711414141414
11, -13, 0.690505050505
11, -12, 0.650505050505
11, -11, 0.639393939394
11, -10, 0.639393939394
11, -9, 0.640303030303
11, -8, 0.650303030303
11, -7, 0.620303030303
11, -6, 0.600303030303
11, -5, 0.600303030303
11, -4, 0.610303030303
11, -3, 0.682525252525
11, -2, 0.711616161616
11, -1, 0.679595959596
11, 0, 0.519191919192
11, 1, 0.510101010101
11, 2, 0.510101010101
11, 3, 0.510101010101
12, -15, 0.711414141414
12, -14, 0.690505050505
12, -13, 0.650505050505
12, -12, 0.639393939394
12, -11, 0.639393939394
12, -10, 0.640303030303
12, -9, 0.650303030303
12, -8, 0.650303030303
12, -7, 0.620303030303
12, -6, 0.600303030303
12, -5, 0.600303030303
12, -4, 0.610303030303
12, -3, 0.682525252525
12, -2, 0.711616161616
12, -1, 0.679595959596
12, 0, 0.519191919192
12, 1, 0.510101010101
12, 2, 0.510101010101
12, 3, 0.510101010101
13, -15, 0.690505050505
13, -14, 0.650505050505
13, -13, 0.639393939394
13, -12, 0.649393939394
13, -11, 0.640303030303
13, -10, 0.660303030303
13, -9, 0.650303030303
13, -8, 0.650303030303
13, -7, 0.620303030303
13, -6, 0.600303030303
13, -5, 0.600303030303
13, -4, 0.610303030303
13, -3, 0.682525252525
13, -2, 0.711616161616
13, -1, 0.679595959596
13, 0, 0.519191919192
13, 1, 0.510101010101
13, 2, 0.510101010101
13, 3, 0.510101010101
14, -15, 0.650505050505
14, -14, 0.639393939394
14, -13, 0.649393939394
14, -12, 0.640303030303
14, -11, 0.650303030303
14, -10, 0.660303030303
14, -9, 0.650303030303
14, -8, 0.650303030303
14, -7, 0.620303030303
14, -6, 0.600303030303
14, -5, 0.600303030303
14, -4, 0.610303030303
14, -3, 0.682525252525
14, -2, 0.711616161616
14, -1, 0.679595959596
14, 0, 0.519191919192
14, 1, 0.510101010101
14, 2, 0.510101010101
14, 3, 0.510101010101
15, -15, 0.639393939394
15, -14, 0.649393939394
15, -13, 0.630303030303
15, -12, 0.650303030303
15, -11, 0.650303030303
15, -10, 0.660303030303
15, -9, 0.650303030303
15, -8, 0.650303030303
15, -7, 0.620303030303
15, -6, 0.600303030303
15, -5, 0.600303030303
15, -4, 0.610303030303
15, -3, 0.682525252525
15, -2, 0.711616161616
15, -1, 0.679595959596
15, 0, 0.519191919192
15, 1, 0.510101010101
15, 2, 0.510101010101
15, 3, 0.510101010101
