-5, -15, 0.530303030303
-5, -14, 0.530303030303
-5, -13, 0.530303030303
-5, -12, 0.530303030303
-5, -11, 0.530303030303
-5, -10, 0.530303030303
-5, -9, 0.530303030303
-5, -8, 0.530303030303
-5, -7, 0.530303030303
-5, -6, 0.530303030303
-5, -5, 0.530303030303
-5, -4, 0.530303030303
-5, -3, 0.530303030303
-5, -2, 0.530303030303
-5, -1, 0.530303030303
-5, 0, 0.530303030303
-5, 1, 0.530303030303
-5, 2, 0.530303030303
-5, 3, 0.530303030303
-4, -15, 0.530303030303
-4, -14, 0.530303030303
-4, -13, 0.530303030303
-4, -12, 0.530303030303
-4, -11, 0.530303030303
-4, -10, 0.530303030303
-4, -9, 0.530303030303
-4, -8, 0.530303030303
-4, -7, 0.530303030303
-4, -6, 0.530303030303
-4, -5, 0.530303030303
-4, -4, 0.530303030303
-4, -3, 0.530303030303
-4, -2, 0.530303030303
-4, -1, 0.530303030303
-4, 0, 0.530303030303
-4, 1, 0.530303030303
-4, 2, 0.530303030303
-4, 3, 0.530303030303
-3, -15, 0.530303030303
-3, -14, 0.530303030303
-3, -13, 0.530303030303
-3, -12, 0.530303030303
-3, -11, 0.530303030303
-3, -10, 0.530303030303
-3, -9, 0.530303030303
-3, -8, 0.530303030303
-3, -7, 0.530303030303
-3, -6, 0.530303030303
-3, -5, 0.530303030303
-3, -4, 0.530303030303
-3, -3, 0.530303030303
-3, -2, 0.530303030303
-3, -1, 0.530303030303
-3, 0, 0.530303030303
-3, 1, 0.530303030303
-3, 2, 0.530303030303
-3, 3, 0.530303030303
-2, -15, 0.530303030303
-2, -14, 0.530303030303
-2, -13, 0.530303030303
-2, -12, 0.530303030303
-2, -11, 0.530303030303
-2, -10, 0.530303030303
-2, -9, 0.530303030303
-2, -8, 0.530303030303
-2, -7, 0.530303030303
-2, -6, 0.530303030303
-2, -5, 0.530303030303
-2, -4, 0.530303030303
-2, -3, 0.530303030303
-2, -2, 0.530303030303
-2, -1, 0.530303030303
-2, 0, 0.530303030303
-2, 1, 0.530303030303
-2, 2, 0.530303030303
-2, 3, 0.530303030303
-1, -15, 0.530303030303
-1, -14, 0.530303030303
-1, -13, 0.530303030303
-1, -12, 0.530303030303
-1, -11, 0.530303030303
-1, -10, 0.530303030303
-1, -9, 0.530303030303
-1, -8, 0.530303030303
-1, -7, 0.530303030303
-1, -6, 0.530303030303
-1, -5, 0.530303030303
-1, -4, 0.530303030303
-1, -3, 0.530303030303
-1, -2, 0.530303030303
-1, -1, 0.530303030303
-1, 0, 0.530303030303
-1, 1, 0.530303030303
-1, 2, 0.530303030303
-1, 3, 0.530303030303
0, -15, 0.530303030303
0, -14, 0.530303030303
0, -13, 0.530303030303
0, -12, 0.530303030303
0, -11, 0.530303030303
0, -10, 0.530303030303
0, -9, 0.530303030303
0, -8, 0.530303030303
0, -7, 0.530303030303
0, -6, 0.530303030303
0, -5, 0.558282828283
0, -4, 0.575555555556
0, -3, 0.584646464646
0, -2, 0.539191919192
0, -1, 0.530303030303
0, 0, 0.530303030303
0, 1, 0.530303030303
0, 2, 0.530303030303
0, 3, 0.530303030303
1, -15, 0.530303030303
1, -14, 0.530303030303
1, -13, 0.530303030303
1, -12, 0.530303030303
1, -11, 0.530303030303
1, -10, 0.530303030303
1, -9, 0.530303030303
1, -8, 0.530303030303
1, -7, 0.519191919192
1, -6, 0.565555555556
1, -5, 0.557373737374
1, -4, 0.537373737374
1, -3, 0.576464646465
1, -2, 0.564444444444
1, -1, 0.530303030303
1, 0, 0.530303030303
1, 1, 0.530303030303
1, 2, 0.530303030303
1, 3, 0.530303030303
2, -15, 0.530303030303
2, -14, 0.530303030303
2, -13, 0.530303030303
2, -12, 0.530303030303
2, -11, 0.530303030303
2, -10, 0.530303030303
2, -9, 0.530303030303
2, -8, 0.529191919192
2, -7, 0.596666666667
2, -6, 0.566464646465
2, -5, 0.517373737374
2, -4, 0.548484848485
2, -3, 0.576464646465
2, -2, 0.564444444444
2, -1, 0.530303030303
2, 0, 0.530303030303
2, 1, 0.530303030303
2, 2, 0.530303030303
2, 3, 0.530303030303
3, -15, 0.530303030303
3, -14, 0.530303030303
3, -13, 0.530303030303
3, -12, 0.530303030303
3, -11, 0.530303030303
3, -10, 0.530303030303
3, -9, 0.529191919192
3, -8, 0.607777777778
3, -7, 0.537373737374
3, -6, 0.518282828283
3, -5, 0.527373737374
3, -4, 0.548484848485
3, -3, 0.576464646465
3, -2, 0.564444444444
3, -1, 0.530303030303
3, 0, 0.530303030303
3, 1, 0.530303030303
3, 2, 0.530303030303
3, 3, 0.530303030303
4, -15, 0.530303030303
4, -14, 0.530303030303
4, -13, 0.530303030303
4, -12, 0.530303030303
4, -11, 0.530303030303
4, -10, 0.529191919192
4, -9, 0.607777777778
4, -8, 0.537373737374
4, -7, 0.518282828283
4, -6, 0.529393939394
4, -5, 0.547373737374
4, -4, 0.548484848485
4, -3, 0.576464646465
4, -2, 0.564444444444
4, -1, 0.530303030303
4, 0, 0.530303030303
4, 1, 0.530303030303
4, 2, 0.530303030303
4, 3, 0.530303030303
5, -15, 0.530303030303
5, -14, 0.530303030303
5, -13, 0.530303030303
5, -12, 0.530303030303
5, -11, 0.529191919192
5, -10, 0.597777777778
5, -9, 0.537373737374
5, -8, 0.518282828283
5, -7, 0.519393939394
5, -6, 0.578686868687
5, -5, 0.547373737374
5, -4, 0.548484848485
5, -3, 0.576464646465
5, -2, 0.564444444444
5, -1, 0.530303030303
5, 0, 0.530303030303
5, 1, 0.530303030303
5, 2, 0.530303030303
5, 3, 0.530303030303
6, -15, 0.530303030303
6, -14, 0.530303030303
6, -13, 0.530303030303
6, -12, 0.529191919192
6, -11, 0.606868686869
6, -10, 0.527373737374
6, -9, 0.518282828283
6, -8, 0.519393939394
6, -7, 0.530303030303
6, -6, 0.578686868687
6, -5, 0.547373737374
6, -4, 0.548484848485
6, -3, 0.576464646465
6, -2, 0.564444444444
6, -1, 0.530303030303
6, 0, 0.530303030303
6, 1, 0.530303030303
6, 2, 0.530303030303
6, 3, 0.530303030303
7, -15, 0.530303030303
7, -14, 0.530303030303
7, -13, 0.529191919192
7, -12, 0.606868686869
7, -11, 0.527373737374
7, -10, 0.499191919192
7, -9, 0.519393939394
7, -8, 0.530303030303
7, -7, 0.540303030303
7, -6, 0.578686868687
7, -5, 0.547373737374
7, -4, 0.548484848485
7, -3, 0.576464646465
7, -2, 0.564444444444
7, -1, 0.530303030303
7, 0, 0.530303030303
7, 1, 0.530303030303
7, 2, 0.530303030303
7, 3, 0.530303030303
8, -15, 0.530303030303
8, -14, 0.529191919192
8, -13, 0.606868686869
8, -12, 0.527373737374
8, -11, 0.499191919192
8, -10, 0.519393939394
8, -9, 0.509191919192
8, -8, 0.520303030303
8, -7, 0.540303030303
8, -6, 0.578686868687
8, -5, 0.547373737374
8, -4, 0.548484848485
8, -3, 0.576464646465
8, -2, 0.564444444444
8, -1, 0.530303030303
8, 0, 0.530303030303
8, 1, 0.530303030303
8, 2, 0.530303030303
8, 3, 0.530303030303
9, -15, 0.529191919192
9, -14, 0.606868686869
9, -13, 0.527373737374
9, -12, 0.499191919192
9, -11, 0.519393939394
9, -10, 0.509191919192
9, -9, 0.510303030303
9, -8, 0.520303030303
9, -7, 0.540303030303
9, -6, 0.578686868687
9, -5, 0.547373737374
9, -4, 0.548484848485
9, -3, 0.576464646465
9, -2, 0.564444444444
9, -1, 0.530303030303
9, 0, 0.530303030303
9, 1, 0.530303030303
9, 2, 0.530303030303
9, 3, 0.530303030303
10, -15, 0.606868686869
10, -14, 0.527373737374
10, -13, 0.499191919192
10, -12, 0.519393939394
10, -11, 0.509191919192
10, -10, 0.519393939394
10, -9, 0.510303030303
10, -8, 0.520303030303
10, -7, 0.540303030303
10, -6, 0.578686868687
10, -5, 0.547373737374
10, -4, 0.548484848485
10, -3, 0.576464646465
10, -2, 0.564444444444
10, -1, 0.530303030303
10, 0, 0.530303030303
10, 1, 0.530303030303
10, 2, 0.530303030303
10, 3, 0.530303030303
11, -15, 0.527373737374
11, -14, 0.499191919192
11, -13, 0.519393939394
11, -12, 0.509191919192
11, -11, 0.517373737374
11, -10, 0.519393939394
11, -9, 0.510303030303
11, -8, 0.520303030303
11, -7, 0.540303030303
11, -6, 0.578686868687
11, -5, 0.547373737374
11, -4, 0.548484848485
11, -3, 0.576464646465
11, -2, 0.564444444444
11, -1, 0.530303030303
11, 0, 0.530303030303
11, 1, 0.530303030303
11, 2, 0.530303030303
11, 3, 0.530303030303
12, -15, 0.499191919192
12, -14, 0.519393939394
12, -13, 0.509191919192
12, -12, 0.517373737374
12, -11, 0.517373737374
12, -10, 0.519393939394
12, -9, 0.510303030303
12, -8, 0.520303030303
12, -7, 0.540303030303
12, -6, 0.578686868687
12, -5, 0.547373737374
12, -4, 0.548484848485
12, -3, 0.576464646465
12, -2, 0.564444444444
12, -1, 0.530303030303
12, 0, 0.530303030303
12, 1, 0.530303030303
12, 2, 0.530303030303
12, 3, 0.530303030303
13, -15, 0.519393939394
13, -14, 0.509191919192
13, -13, 0.517373737374
13, -12, 0.517373737374
13, -11, 0.517373737374
13, -10, 0.519393939394
13, -9, 0.510303030303
13, -8, 0.520303030303
13, -7, 0.540303030303
13, -6, 0.578686868687
13, -5, 0.547373737374
13, -4, 0.548484848485
13, -3, 0.576464646465
13, -2, 0.564444444444
13, -1, 0.530303030303
13, 0, 0.530303030303
13, 1, 0.530303030303
13, 2, 0.530303030303
13, 3, 0.530303030303
14, -15, 0.509191919192
14, -14, 0.517373737374
14, -13, 0.517373737374
14, -12, 0.517373737374
14, -11, 0.517373737374
14, -10, 0.519393939394
14, -9, 0.510303030303
14, -8, 0.520303030303
14, -7, 0.540303030303
14, -6, 0.578686868687
14, -5, 0.547373737374
14, -4, 0.548484848485
14, -3, 0.576464646465
14, -2, 0.564444444444
14, -1, 0.530303030303
14, 0, 0.530303030303
14, 1, 0.530303030303
14, 2, 0.530303030303
14, 3, 0.530303030303
15, -15, 0.517373737374
15, -14, 0.517373737374
15, -13, 0.517373737374
15, -12, 0.517373737374
15, -11, 0.517373737374
15, -10, 0.519393939394
15, -9, 0.510303030303
15, -8, 0.520303030303
15, -7, 0.540303030303
15, -6, 0.578686868687
15, -5, 0.547373737374
15, -4, 0.548484848485
15, -3, 0.576464646465
15, -2, 0.564444444444
15, -1, 0.530303030303
15, 0, 0.530303030303
15, 1, 0.530303030303
15, 2, 0.530303030303
15, 3, 0.530303030303
