-5, -15, 0.566016806723
-5, -14, 0.566016806723
-5, -13, 0.566016806723
-5, -12, 0.566016806723
-5, -11, 0.566016806723
-5, -10, 0.566016806723
-5, -9, 0.566016806723
-5, -8, 0.566016806723
-5, -7, 0.566016806723
-5, -6, 0.566016806723
-5, -5, 0.566016806723
-5, -4, 0.566016806723
-5, -3, 0.566016806723
-5, -2, 0.566016806723
-5, -1, 0.566016806723
-5, 0, 0.566016806723
-5, 1, 0.566016806723
-5, 2, 0.566016806723
-5, 3, 0.566016806723
-4, -15, 0.566016806723
-4, -14, 0.566016806723
-4, -13, 0.566016806723
-4, -12, 0.566016806723
-4, -11, 0.566016806723
-4, -10, 0.566016806723
-4, -9, 0.566016806723
-4, -8, 0.566016806723
-4, -7, 0.566016806723
-4, -6, 0.566016806723
-4, -5, 0.566016806723
-4, -4, 0.566016806723
-4, -3, 0.566016806723
-4, -2, 0.566016806723
-4, -1, 0.566016806723
-4, 0, 0.566016806723
-4, 1, 0.566016806723
-4, 2, 0.566016806723
-4, 3, 0.566016806723
-3, -15, 0.566016806723
-3, -14, 0.566016806723
-3, -13, 0.566016806723
-3, -12, 0.566016806723
-3, -11, 0.566016806723
-3, -10, 0.566016806723
-3, -9, 0.566016806723
-3, -8, 0.566016806723
-3, -7, 0.566016806723
-3, -6, 0.566016806723
-3, -5, 0.566016806723
-3, -4, 0.566016806723
-3, -3, 0.566016806723
-3, -2, 0.566016806723
-3, -1, 0.566016806723
-3, 0, 0.566016806723
-3, 1, 0.566016806723
-3, 2, 0.566016806723
-3, 3, 0.566016806723
-2, -15, 0.566016806723
-2, -14, 0.566016806723
-2, -13, 0.566016806723
-2, -12, 0.566016806723
-2, -11, 0.566016806723
-2, -10, 0.566016806723
-2, -9, 0.566016806723
-2, -8, 0.566016806723
-2, -7, 0.566016806723
-2, -6, 0.566016806723
-2, -5, 0.566016806723
-2, -4, 0.566016806723
-2, -3, 0.566016806723
-2, -2, 0.566016806723
-2, -1, 0.566016806723
-2, 0, 0.566016806723
-2, 1, 0.566016806723
-2, 2, 0.566016806723
-2, 3, 0.566016806723
-1, -15, 0.566016806723
-1, -14, 0.566016806723
-1, -13, 0.566016806723
-1, -12, 0.566016806723
-1, -11, 0.566016806723
-1, -10, 0.566016806723
-1, -9, 0.566016806723
-1, -8, 0.566016806723
-1, -7, 0.566016806723
-1, -6, 0.566016806723
-1, -5, 0.559933573429
-1, -4, 0.576015206082
-1, -3, 0.563974389756
-1, -2, 0.566016806723
-1, -1, 0.566016806723
-1, 0, 0.566016806723
-1, 1, 0.566016806723
-1, 2, 0.566016806723
-1, 3, 0.566016806723
0, -15, 0.566016806723
0, -14, 0.566016806723
0, -13, 0.566016806723
0, -12, 0.566016806723
0, -11, 0.566016806723
0, -10, 0.566016806723
0, -9, 0.566016806723
0, -8, 0.566016806723
0, -7, 0.563975990396
0, -6, 0.571853541417
0, -5, 0.634348139256
0, -4, 0.628506602641
0, -3, 0.636348139256
0, -2, 0.584258503401
0, -1, 0.566016806723
0, 0, 0.566016806723
0, 1, 0.566016806723
0, 2, 0.566016806723
0, 3, 0.566016806723
1, -15, 0.566016806723
1, -14, 0.566016806723
1, -13, 0.566016806723
1, -12, 0.566016806723
1, -11, 0.566016806723
1, -10, 0.566016806723
1, -9, 0.566016806723
1, -8, 0.565975990396
1, -7, 0.598059223689
1, -6, 0.630506602641
1, -5, 0.638707482993
1, -4, 0.638586634654
1, -3, 0.632387354942
1, -2, 0.609982392957
1, -1, 0.566016806723
1, 0, 0.566016806723
1, 1, 0.566016806723
1, 2, 0.566016806723
1, 3, 0.566016806723
2, -15, 0.566016806723
2, -14, 0.566016806723
2, -13, 0.566016806723
2, -12, 0.566016806723
2, -11, 0.566016806723
2, -10, 0.566016806723
2, -9, 0.565975990396
2, -8, 0.624305722289
2, -7, 0.634508203281
2, -6, 0.634585034014
2, -5, 0.638709083633
2, -4, 0.624344937975
2, -3, 0.626264905962
2, -2, 0.609982392957
2, -1, 0.566016806723
2, 0, 0.566016806723
2, 1, 0.566016806723
2, 2, 0.566016806723
2, 3, 0.566016806723
3, -15, 0.566016806723
3, -14, 0.566016806723
3, -13, 0.566016806723
3, -12, 0.566016806723
3, -11, 0.566016806723
3, -10, 0.565975990396
3, -9, 0.618304121649
3, -8, 0.636508203281
3, -7, 0.634585034014
3, -6, 0.642669867947
3, -5, 0.622462585034
3, -4, 0.624344937975
3, -3, 0.626264905962
3, -2, 0.609982392957
3, -1, 0.566016806723
3, 0, 0.566016806723
3, 1, 0.566016806723
3, 2, 0.566016806723
3, 3, 0.566016806723
4, -15, 0.566016806723
4, -14, 0.566016806723
4, -13, 0.566016806723
4, -12, 0.566016806723
4, -11, 0.565975990396
4, -10, 0.618224089636
4, -9, 0.632547418968
4, -8, 0.630505002001
4, -7, 0.644550620248
4, -6, 0.624583433373
4, -5, 0.612420168067
4, -4, 0.626305722289
4, -3, 0.626264905962
4, -2, 0.609982392957
4, -1, 0.566016806723
4, 0, 0.566016806723
4, 1, 0.566016806723
4, 2, 0.566016806723
4, 3, 0.566016806723
5, -15, 0.566016806723
5, -14, 0.566016806723
5, -13, 0.566016806723
5, -12, 0.565975990396
5, -11, 0.618224089636
5, -10, 0.630506602641
5, -9, 0.634506602641
5, -8, 0.640549019608
5, -7, 0.618663465386
5, -6, 0.614380952381
5, -5, 0.618181672669
5, -4, 0.626305722289
5, -3, 0.626264905962
5, -2, 0.609982392957
5, -1, 0.566016806723
5, 0, 0.566016806723
5, 1, 0.566016806723
5, 2, 0.566016806723
5, 3, 0.566016806723
6, -15, 0.566016806723
6, -14, 0.566016806723
6, -13, 0.565975990396
6, -12, 0.618224089636
6, -11, 0.630506602641
6, -10, 0.634506602641
6, -9, 0.638508203281
6, -8, 0.620704281713
6, -7, 0.608300920368
6, -6, 0.612297719088
6, -5, 0.626222488996
6, -4, 0.626305722289
6, -3, 0.626264905962
6, -2, 0.609982392957
6, -1, 0.566016806723
6, 0, 0.566016806723
6, 1, 0.566016806723
6, 2, 0.566016806723
6, 3, 0.566016806723
7, -15, 0.566016806723
7, -14, 0.565975990396
7, -13, 0.618224089636
7, -12, 0.630506602641
7, -11, 0.636547418968
7, -10, 0.634508203281
7, -9, 0.612702681072
7, -8, 0.600420168067
7, -7, 0.604340136054
7, -6, 0.6083777511
7, -5, 0.626222488996
7, -4, 0.626305722289
7, -3, 0.626264905962
7, -2, 0.609982392957
7, -1, 0.566016806723
7, 0, 0.566016806723
7, 1, 0.566016806723
7, 2, 0.566016806723
7, 3, 0.566016806723
8, -15, 0.565975990396
8, -14, 0.618224089636
8, -13, 0.630506602641
8, -12, 0.636547418968
8, -11, 0.632467386955
8, -10, 0.612544217687
8, -9, 0.598578631453
8, -8, 0.600258503401
8, -7, 0.606495398159
8, -6, 0.6083777511
8, -5, 0.626222488996
8, -4, 0.626305722289
8, -3, 0.626264905962
8, -2, 0.609982392957
8, -1, 0.566016806723
8, 0, 0.566016806723
8, 1, 0.566016806723
8, 2, 0.566016806723
8, 3, 0.566016806723
9, -15, 0.618224089636
9, -14, 0.630506602641
9, -13, 0.636547418968
9, -12, 0.632467386955
9, -11, 0.614544217687
9, -10, 0.600619447779
9, -9, 0.59837615046
9, -8, 0.600340136054
9, -7, 0.606457783113
9, -6, 0.6083777511
9, -5, 0.626222488996
9, -4, 0.626305722289
9, -3, 0.626264905962
9, -2, 0.609982392957
9, -1, 0.566016806723
9, 0, 0.566016806723
9, 1, 0.566016806723
9, 2, 0.566016806723
9, 3, 0.566016806723
10, -15, 0.630506602641
10, -14, 0.636547418968
10, -13, 0.632467386955
10, -12, 0.616585034014
10, -11, 0.602541016407
10, -10, 0.602416966787
10, -9, 0.594296118447
10, -8, 0.608456182473
10, -7, 0.606457783113
10, -6, 0.6083777511
10, -5, 0.626222488996
10, -4, 0.626305722289
10, -3, 0.626264905962
10, -2, 0.609982392957
10, -1, 0.566016806723
10, 0, 0.566016806723
10, 1, 0.566016806723
10, 2, 0.566016806723
10, 3, 0.566016806723
11, -15, 0.634586634654
11, -14, 0.632467386955
11, -13, 0.616585034014
11, -12, 0.606541016407
11, -11, 0.596456182473
11, -10, 0.600457783113
11, -9, 0.604421768707
11, -8, 0.602457783113
11, -7, 0.606457783113
11, -6, 0.6083777511
11, -5, 0.626222488996
11, -4, 0.626305722289
11, -3, 0.626264905962
11, -2, 0.609982392957
11, -1, 0.566016806723
11, 0, 0.566016806723
11, 1, 0.566016806723
11, 2, 0.566016806723
11, 3, 0.566016806723
12, -15, 0.632467386955
12, -14, 0.616585034014
12, -13, 0.606541016407
12, -12, 0.5964969988
12, -11, 0.602457783113
12, -10, 0.588214485794
12, -9, 0.610537815126
12, -8, 0.602457783113
12, -7, 0.606457783113
12, -6, 0.6083777511
12, -5, 0.626222488996
12, -4, 0.626305722289
12, -3, 0.626264905962
12, -2, 0.609982392957
12, -1, 0.566016806723
12, 0, 0.566016806723
12, 1, 0.566016806723
12, 2, 0.566016806723
12, 3, 0.566016806723
13, -15, 0.614544217687
13, -14, 0.606541016407
13, -13, 0.598457783113
13, -12, 0.596575430172
13, -11, 0.600539415766
13, -10, 0.598219287715
13, -9, 0.602457783113
13, -8, 0.602457783113
13, -7, 0.606457783113
13, -6, 0.6083777511
13, -5, 0.626222488996
13, -4, 0.626305722289
13, -3, 0.626264905962
13, -2, 0.609982392957
13, -1, 0.566016806723
13, 0, 0.566016806723
13, 1, 0.566016806723
13, 2, 0.566016806723
13, 3, 0.566016806723
14, -15, 0.604541016407
14, -14, 0.598457783113
14, -13, 0.600536214486
14, -12, 0.59449859944
14, -11, 0.592176870748
14, -10, 0.6084969988
14, -9, 0.602457783113
14, -8, 0.602457783113
14, -7, 0.606457783113
14, -6, 0.6083777511
14, -5, 0.626222488996
14, -4, 0.626305722289
14, -3, 0.626264905962
14, -2, 0.609982392957
14, -1, 0.566016806723
14, 0, 0.566016806723
14, 1, 0.566016806723
14, 2, 0.566016806723
14, 3, 0.566016806723
15, -15, 0.600457783113
15, -14, 0.598536214486
15, -13, 0.600459383754
15, -12, 0.602299319728
15, -11, 0.598258503401
15, -10, 0.598456182473
15, -9, 0.602457783113
15, -8, 0.602457783113
15, -7, 0.606457783113
15, -6, 0.6083777511
15, -5, 0.626222488996
15, -4, 0.626305722289
15, -3, 0.626264905962
15, -2, 0.609982392957
15, -1, 0.566016806723
15, 0, 0.566016806723
15, 1, 0.566016806723
15, 2, 0.566016806723
15, 3, 0.566016806723
