-5, -15, 0.544051282051
-5, -14, 0.544051282051
-5, -13, 0.544051282051
-5, -12, 0.544051282051
-5, -11, 0.544051282051
-5, -10, 0.544051282051
-5, -9, 0.544051282051
-5, -8, 0.544051282051
-5, -7, 0.544051282051
-5, -6, 0.544051282051
-5, -5, 0.544051282051
-5, -4, 0.544051282051
-5, -3, 0.544051282051
-5, -2, 0.544051282051
-5, -1, 0.544051282051
-5, 0, 0.544051282051
-5, 1, 0.544051282051
-5, 2, 0.544051282051
-5, 3, 0.544051282051
-4, -15, 0.544051282051
-4, -14, 0.544051282051
-4, -13, 0.544051282051
-4, -12, 0.544051282051
-4, -11, 0.544051282051
-4, -10, 0.544051282051
-4, -9, 0.544051282051
-4, -8, 0.544051282051
-4, -7, 0.544051282051
-4, -6, 0.544051282051
-4, -5, 0.544051282051
-4, -4, 0.544051282051
-4, -3, 0.544051282051
-4, -2, 0.544051282051
-4, -1, 0.544051282051
-4, 0, 0.544051282051
-4, 1, 0.544051282051
-4, 2, 0.544051282051
-4, 3, 0.544051282051
-3, -15, 0.544051282051
-3, -14, 0.544051282051
-3, -13, 0.544051282051
-3, -12, 0.544051282051
-3, -11, 0.544051282051
-3, -10, 0.544051282051
-3, -9, 0.544051282051
-3, -8, 0.544051282051
-3, -7, 0.544051282051
-3, -6, 0.544051282051
-3, -5, 0.544051282051
-3, -4, 0.544051282051
-3, -3, 0.544051282051
-3, -2, 0.544051282051
-3, -1, 0.544051282051
-3, 0, 0.544051282051
-3, 1, 0.544051282051
-3, 2, 0.544051282051
-3, 3, 0.544051282051
-2, -15, 0.544051282051
-2, -14, 0.544051282051
-2, -13, 0.544051282051
-2, -12, 0.544051282051
-2, -11, 0.544051282051
-2, -10, 0.544051282051
-2, -9, 0.544051282051
-2, -8, 0.544051282051
-2, -7, 0.544051282051
-2, -6, 0.544051282051
-2, -5, 0.544051282051
-2, -4, 0.544051282051
-2, -3, 0.548371794872
-2, -2, 0.596576923077
-2, -1, 0.58441025641
-2, 0, 0.544051282051
-2, 1, 0.544051282051
-2, 2, 0.544051282051
-2, 3, 0.544051282051
-1, -15, 0.544051282051
-1, -14, 0.544051282051
-1, -13, 0.544051282051
-1, -12, 0.544051282051
-1, -11, 0.544051282051
-1, -10, 0.544051282051
-1, -9, 0.544051282051
-1, -8, 0.544051282051
-1, -7, 0.544051282051
-1, -6, 0.544051282051
-1, -5, 0.544051282051
-1, -4, 0.584884615385
-1, -3, 0.612012820513
-1, -2, 0.624333333333
-1, -1, 0.628320512821
-1, 0, 0.612602564103
-1, 1, 0.544051282051
-1, 2, 0.544051282051
-1, 3, 0.544051282051
0, -15, 0.544051282051
0, -14, 0.544051282051
0, -13, 0.544051282051
0, -12, 0.544051282051
0, -11, 0.544051282051
0, -10, 0.544051282051
0, -9, 0.544051282051
0, -8, 0.544051282051
0, -7, 0.544051282051
0, -6, 0.544051282051
0, -5, 0.568076923077
0, -4, 0.627705128205
0, -3, 0.643871794872
0, -2, 0.623051282051
0, -1, 0.628320512821
0, 0, 0.648179487179
0, 1, 0.59658974359
0, 2, 0.544051282051
0, 3, 0.544051282051
1, -15, 0.544051282051
1, -14, 0.544051282051
1, -13, 0.544051282051
1, -12, 0.544051282051
1, -11, 0.544051282051
1, -10, 0.544051282051
1, -9, 0.544051282051
1, -8, 0.544051282051
1, -7, 0.544051282051
1, -6, 0.559756410256
1, -5, 0.635397435897
1, -4, 0.635230769231
1, -3, 0.627538461538
1, -2, 0.627846153846
1, -1, 0.616307692308
1, 0, 0.628153846154
1, 1, 0.632474358974
1, 2, 0.544051282051
1, 3, 0.544051282051
2, -15, 0.544051282051
2, -14, 0.544051282051
2, -13, 0.544051282051
2, -12, 0.544051282051
2, -11, 0.544051282051
2, -10, 0.544051282051
2, -9, 0.544051282051
2, -8, 0.544051282051
2, -7, 0.575948717949
2, -6, 0.635230769231
2, -5, 0.623371794872
2, -4, 0.615205128205
2, -3, 0.623371794872
2, -2, 0.595794871795
2, -1, 0.57241025641
2, 0, 0.628153846154
2, 1, 0.632474358974
2, 2, 0.544051282051
2, 3, 0.544051282051
3, -15, 0.544051282051
3, -14, 0.544051282051
3, -13, 0.544051282051
3, -12, 0.544051282051
3, -11, 0.544051282051
3, -10, 0.544051282051
3, -9, 0.539884615385
3, -8, 0.588282051282
3, -7, 0.635230769231
3, -6, 0.623525641026
3, -5, 0.627217948718
3, -4, 0.615358974359
3, -3, 0.611666666667
3, -2, 0.548371794872
3, -1, 0.576256410256
3, 0, 0.628153846154
3, 1, 0.632474358974
3, 2, 0.544051282051
3, 3, 0.544051282051
4, -15, 0.544051282051
4, -14, 0.544051282051
4, -13, 0.544051282051
4, -12, 0.544051282051
4, -11, 0.544051282051
4, -10, 0.539884615385
4, -9, 0.592602564103
4, -8, 0.63491025641
4, -7, 0.627692307692
4, -6, 0.627371794872
4, -5, 0.603666666667
4, -4, 0.615666666667
4, -3, 0.579615384615
4, -2, 0.57608974359
4, -1, 0.576256410256
4, 0, 0.628153846154
4, 1, 0.632474358974
4, 2, 0.544051282051
4, 3, 0.544051282051
5, -15, 0.544051282051
5, -14, 0.544051282051
5, -13, 0.544051282051
5, -12, 0.544051282051
5, -11, 0.539884615385
5, -10, 0.592602564103
5, -9, 0.63491025641
5, -8, 0.627692307692
5, -7, 0.627371794872
5, -6, 0.607666666667
5, -5, 0.596128205128
5, -4, 0.588115384615
5, -3, 0.551897435897
5, -2, 0.56391025641
5, -1, 0.576256410256
5, 0, 0.628153846154
5, 1, 0.632474358974
5, 2, 0.544051282051
5, 3, 0.544051282051
6, -15, 0.544051282051
6, -14, 0.544051282051
6, -13, 0.544051282051
6, -12, 0.539884615385
6, -11, 0.592602564103
6, -10, 0.63491025641
6, -9, 0.623525641026
6, -8, 0.627371794872
6, -7, 0.615512820513
6, -6, 0.591961538462
6, -5, 0.607974358974
6, -4, 0.556217948718
6, -3, 0.57641025641
6, -2, 0.56391025641
6, -1, 0.576256410256
6, 0, 0.628153846154
6, 1, 0.632474358974
6, 2, 0.544051282051
6, 3, 0.544051282051
7, -15, 0.544051282051
7, -14, 0.544051282051
7, -13, 0.539884615385
7, -12, 0.592602564103
7, -11, 0.63491025641
7, -10, 0.623525641026
7, -9, 0.627371794872
7, -8, 0.615512820513
7, -7, 0.599653846154
7, -6, 0.595807692308
7, -5, 0.576102564103
7, -4, 0.55191025641
7, -3, 0.564230769231
7, -2, 0.56391025641
7, -1, 0.576256410256
7, 0, 0.628153846154
7, 1, 0.632474358974
7, 2, 0.544051282051
7, 3, 0.544051282051
8, -15, 0.544051282051
8, -14, 0.539884615385
8, -13, 0.592602564103
8, -12, 0.63491025641
8, -11, 0.623525641026
8, -10, 0.627371794872
8, -9, 0.615512820513
8, -8, 0.6035
8, -7, 0.604141025641
8, -6, 0.595961538462
8, -5, 0.544205128205
8, -4, 0.548051282051
8, -3, 0.564230769231
8, -2, 0.56391025641
8, -1, 0.576256410256
8, 0, 0.628153846154
8, 1, 0.632474358974
8, 2, 0.544051282051
8, 3, 0.544051282051
9, -15, 0.539884615385
9, -14, 0.592602564103
9, -13, 0.63491025641
9, -12, 0.623525641026
9, -11, 0.627371794872
9, -10, 0.619358974359
9, -9, 0.611192307692
9, -8, 0.599987179487
9, -7, 0.595807692308
9, -6, 0.572256410256
9, -5, 0.540051282051
9, -4, 0.57241025641
9, -3, 0.564230769231
9, -2, 0.56391025641
9, -1, 0.576256410256
9, 0, 0.628153846154
9, 1, 0.632474358974
9, 2, 0.544051282051
9, 3, 0.544051282051
10, -15, 0.592602564103
10, -14, 0.63491025641
10, -13, 0.623525641026
10, -12, 0.627371794872
10, -11, 0.619358974359
10, -10, 0.611346153846
10, -9, 0.5995
10, -8, 0.592448717949
10, -7, 0.603974358974
10, -6, 0.540679487179
10, -5, 0.539897435897
10, -4, 0.57241025641
10, -3, 0.564230769231
10, -2, 0.56391025641
10, -1, 0.576256410256
10, 0, 0.628153846154
10, 1, 0.632474358974
10, 2, 0.544051282051
10, 3, 0.544051282051
11, -15, 0.63491025641
11, -14, 0.623525641026
11, -13, 0.631538461538
11, -12, 0.619358974359
11, -11, 0.615192307692
11, -10, 0.603346153846
11, -9, 0.603987179487
11, -8, 0.591641025641
11, -7, 0.56841025641
11, -6, 0.528038461538
11, -5, 0.560397435897
11, -4, 0.57241025641
11, -3, 0.564230769231
11, -2, 0.56391025641
11, -1, 0.576256410256
11, 0, 0.628153846154
11, 1, 0.632474358974
11, 2, 0.544051282051
11, 3, 0.544051282051
12, -15, 0.623525641026
12, -14, 0.631538461538
12, -13, 0.619358974359
12, -12, 0.615192307692
12, -11, 0.5995
12, -10, 0.591974358974
12, -9, 0.592128205128
12, -8, 0.600128205128
12, -7, 0.536512820513
12, -6, 0.544064102564
12, -5, 0.560397435897
12, -4, 0.57241025641
12, -3, 0.564230769231
12, -2, 0.56391025641
12, -1, 0.576256410256
12, 0, 0.628153846154
12, 1, 0.632474358974
12, 2, 0.544051282051
12, 3, 0.544051282051
13, -15, 0.631538461538
13, -14, 0.619358974359
13, -13, 0.615192307692
13, -12, 0.5995
13, -11, 0.595974358974
13, -10, 0.596448717949
13, -9, 0.579461538462
13, -8, 0.56841025641
13, -7, 0.532205128205
13, -6, 0.552705128205
13, -5, 0.560397435897
13, -4, 0.57241025641
13, -3, 0.564230769231
13, -2, 0.56391025641
13, -1, 0.576256410256
13, 0, 0.628153846154
13, 1, 0.632474358974
13, 2, 0.544051282051
13, 3, 0.544051282051
14, -15, 0.619358974359
14, -14, 0.611346153846
14, -13, 0.6035
14, -12, 0.587961538462
14, -11, 0.591807692308
14, -10, 0.592128205128
14, -9, 0.595961538462
14, -8, 0.536512820513
14, -7, 0.536371794872
14, -6, 0.552705128205
14, -5, 0.560397435897
14, -4, 0.57241025641
14, -3, 0.564230769231
14, -2, 0.56391025641
14, -1, 0.576256410256
14, 0, 0.628153846154
14, 1, 0.632474358974
14, 2, 0.544051282051
14, 3, 0.544051282051
15, -15, 0.619038461538
15, -14, 0.5995
15, -13, 0.591807692308
15, -12, 0.591487179487
15, -11, 0.579948717949
15, -10, 0.575615384615
15, -9, 0.568243589744
15, -8, 0.531884615385
15, -7, 0.552705128205
15, -6, 0.552705128205
15, -5, 0.560397435897
15, -4, 0.57241025641
15, -3, 0.564230769231
15, -2, 0.56391025641
15, -1, 0.576256410256
15, 0, 0.628153846154
15, 1, 0.632474358974
15, 2, 0.544051282051
15, 3, 0.544051282051
