-5, -15, 0.50900010001
-5, -14, 0.50900010001
-5, -13, 0.50900010001
-5, -12, 0.50900010001
-5, -11, 0.50900010001
-5, -10, 0.50900010001
-5, -9, 0.50900010001
-5, -8, 0.50900010001
-5, -7, 0.50900010001
-5, -6, 0.50900010001
-5, -5, 0.50900010001
-5, -4, 0.50900010001
-5, -3, 0.57503080308
-5, -2, 0.81899679968
-5, -1, 0.84302770277
-5, 0, 0.84102730273
-5, 1, 0.684052805281
-5, 2, 0.50900010001
-5, 3, 0.50900010001
-4, -15, 0.50900010001
-4, -14, 0.50900010001
-4, -13, 0.50900010001
-4, -12, 0.50900010001
-4, -11, 0.50900010001
-4, -10, 0.50900010001
-4, -9, 0.50900010001
-4, -8, 0.50900010001
-4, -7, 0.50900010001
-4, -6, 0.50900010001
-4, -5, 0.50900010001
-4, -4, 0.63003180318
-4, -3, 0.829067706771
-4, -2, 0.83902750275
-4, -1, 0.84102770277
-4, 0, 0.84600750075
-4, 1, 0.84500770077
-4, 2, 0.51000010001
-4, 3, 0.50900010001
-3, -15, 0.50900010001
-3, -14, 0.50900010001
-3, -13, 0.50900010001
-3, -12, 0.50900010001
-3, -11, 0.50900010001
-3, -10, 0.50900010001
-3, -9, 0.50900010001
-3, -8, 0.50900010001
-3, -7, 0.50900010001
-3, -6, 0.50900010001
-3, -5, 0.66802270227
-3, -4, 0.830057405741
-3, -3, 0.83902770277
-3, -2, 0.83901760176
-3, -1, 0.83801760176
-3, 0, 0.84701760176
-3, 1, 0.84099739974
-3, 2, 0.77702550255
-3, 3, 0.50900010001
-2, -15, 0.50900010001
-2, -14, 0.50900010001
-2, -13, 0.50900010001
-2, -12, 0.50900010001
-2, -11, 0.50900010001
-2, -10, 0.50900010001
-2, -9, 0.50900010001
-2, -8, 0.50900010001
-2, -7, 0.50900010001
-2, -6, 0.6920330033
-2, -5, 0.83304770477
-2, -4, 0.83600770077
-2, -3, 0.84201780178
-2, -2, 0.84302770277
-2, -1, 0.84500750075
-2, 0, 0.8560180018
-2, 1, 0.8500180018
-2, 2, 0.84296749675
-2, 3, 0.50900010001
-1, -15, 0.50900010001
-1, -14, 0.50900010001
-1, -13, 0.50900010001
-1, -12, 0.50900010001
-1, -11, 0.50900010001
-1, -10, 0.50900010001
-1, -9, 0.50900010001
-1, -8, 0.50900010001
-1, -7, 0.700053205321
-1, -6, 0.83303760376
-1, -5, 0.83901780178
-1, -4, 0.84401780178
-1, -3, 0.84103760376
-1, -2, 0.84802750275
-1, -1, 0.85603780378
-1, 0, 0.85400790079
-1, 1, 0.85498769877
-1, 2, 0.84500750075
-1, 3, 0.645062706271
0, -15, 0.50900010001
0, -14, 0.50900010001
0, -13, 0.50900010001
0, -12, 0.50900010001
0, -11, 0.50900010001
0, -10, 0.50900010001
0, -9, 0.50900010001
0, -8, 0.703053405341
0, -7, 0.83202770277
0, -6, 0.83801780178
0, -5, 0.84501780178
0, -4, 0.83803740374
0, -3, 0.84300750075
0, -2, 0.85402770277
0, -1, 0.85800790079
0, 0, 0.85498789879
0, 1, 0.85597779778
0, 2, 0.83198749875
0, 3, 0.8159769977
1, -15, 0.50900010001
1, -14, 0.50900010001
1, -13, 0.50900010001
1, -12, 0.50900010001
1, -11, 0.50900010001
1, -10, 0.50900010001
1, -9, 0.704053405341
1, -8, 0.83503780378
1, -7, 0.83801780178
1, -6, 0.84401780178
1, -5, 0.83602750275
1, -4, 0.83901740174
1, -3, 0.85002770277
1, -2, 0.85400770077
1, -1, 0.86402790279
1, 0, 0.8730380038
1, 1, 0.85798769877
1, 2, 0.83397719772
1, 3, 0.80699679968
2, -15, 0.50900010001
2, -14, 0.50900010001
2, -13, 0.50900010001
2, -12, 0.50900010001
2, -11, 0.50900010001
2, -10, 0.706063506351
2, -9, 0.83403780378
2, -8, 0.83701780178
2, -7, 0.84401780178
2, -6, 0.83702750275
2, -5, 0.83401740174
2, -4, 0.84801760176
2, -3, 0.84902750275
2, -2, 0.85903780378
2, -1, 0.87501780178
2, 0, 0.8850380038
2, 1, 0.85397759776
2, 2, 0.8339969997
2, 3, 0.80699679968
3, -15, 0.50900010001
3, -14, 0.50900010001
3, -13, 0.50900010001
3, -12, 0.50900010001
3, -11, 0.707063506351
3, -10, 0.83403780378
3, -9, 0.83701780178
3, -8, 0.84501780178
3, -7, 0.83702750275
3, -6, 0.83301740174
3, -5, 0.84501760176
3, -4, 0.84702770277
3, -3, 0.85803780378
3, -2, 0.87200770077
3, -1, 0.89000810081
3, 0, 0.87596789679
3, 1, 0.85996749675
3, 2, 0.8359969997
3, 3, 0.80699679968
4, -15, 0.50900010001
4, -14, 0.50900010001
4, -13, 0.50900010001
4, -12, 0.707063506351
4, -11, 0.83403780378
4, -10, 0.83701780178
4, -9, 0.84401780178
4, -8, 0.83702750275
4, -7, 0.83201740174
4, -6, 0.84100750075
4, -5, 0.84100750075
4, -4, 0.85402770277
4, -3, 0.86102770277
4, -2, 0.88500810081
4, -1, 0.88999779978
4, 0, 0.8719779978
4, 1, 0.849936993699
4, 2, 0.8359969997
4, 3, 0.80699679968
5, -15, 0.50900010001
5, -14, 0.50900010001
5, -13, 0.707063506351
5, -12, 0.83403780378
5, -11, 0.83701780178
5, -10, 0.84301780178
5, -9, 0.83702750275
5, -8, 0.83201740174
5, -7, 0.84101760176
5, -6, 0.83801760176
5, -5, 0.84801760176
5, -4, 0.86003780378
5, -3, 0.86903760376
5, -2, 0.8879779978
5, -1, 0.88198789879
5, 0, 0.87097779778
5, 1, 0.847936993699
5, 2, 0.8359969997
5, 3, 0.80699679968
6, -15, 0.50900010001
6, -14, 0.707063506351
6, -13, 0.83403780378
6, -12, 0.83701780178
6, -11, 0.84301780178
6, -10, 0.83702750275
6, -9, 0.83301740174
6, -8, 0.84001760176
6, -7, 0.83901760176
6, -6, 0.84501760176
6, -5, 0.85301760176
6, -4, 0.86201760176
6, -3, 0.87899779978
6, -2, 0.8949779978
6, -1, 0.88097819782
6, 0, 0.84997719772
6, 1, 0.847936993699
6, 2, 0.8359969997
6, 3, 0.80699679968
7, -15, 0.707063506351
7, -14, 0.83403780378
7, -13, 0.83701780178
7, -12, 0.84301780178
7, -11, 0.83702750275
7, -10, 0.83301740174
7, -9, 0.84001760176
7, -8, 0.83901760176
7, -7, 0.84201760176
7, -6, 0.84703740374
7, -5, 0.85904790479
7, -4, 0.87002770277
7, -3, 0.88998789879
7, -2, 0.88899819982
7, -1, 0.87498769877
7, 0, 0.84696689669
7, 1, 0.847936993699
7, 2, 0.8359969997
7, 3, 0.80699679968
8, -15, 0.83403780378
8, -14, 0.83701780178
8, -13, 0.84301780178
8, -12, 0.83702750275
8, -11, 0.83301740174
8, -10, 0.84001760176
8, -9, 0.83801760176
8, -8, 0.84001760176
8, -7, 0.84201760176
8, -6, 0.85201760176
8, -5, 0.86101760176
8, -4, 0.87498769877
8, -3, 0.88597759776
8, -2, 0.88200810081
8, -1, 0.86799739974
8, 0, 0.84696689669
8, 1, 0.847936993699
8, 2, 0.8359969997
8, 3, 0.80699679968
9, -15, 0.83701780178
9, -14, 0.84301780178
9, -13, 0.83702750275
9, -12, 0.83301740174
9, -11, 0.84002750275
9, -10, 0.83801760176
9, -9, 0.84201760176
9, -8, 0.84201760176
9, -7, 0.85002770277
9, -6, 0.85804790479
9, -5, 0.86802770277
9, -4, 0.88596789679
9, -3, 0.89998809881
9, -2, 0.88200810081
9, -1, 0.84898689869
9, 0, 0.84696689669
9, 1, 0.847936993699
9, 2, 0.8359969997
9, 3, 0.80699679968
10, -15, 0.84301780178
10, -14, 0.83702750275
10, -13, 0.83301740174
10, -12, 0.84001760176
10, -11, 0.83701760176
10, -10, 0.84201760176
10, -9, 0.84101760176
10, -8, 0.84201760176
10, -7, 0.85201760176
10, -6, 0.86101760176
10, -5, 0.87799779978
10, -4, 0.88798749875
10, -3, 0.8909979998
10, -2, 0.87100750075
10, -1, 0.84397679768
10, 0, 0.84696689669
10, 1, 0.847936993699
10, 2, 0.8359969997
10, 3, 0.80699679968
11, -15, 0.83702750275
11, -14, 0.83301740174
11, -13, 0.84001760176
11, -12, 0.83901760176
11, -11, 0.84201760176
11, -10, 0.84101760176
11, -9, 0.84201760176
11, -8, 0.84902770277
11, -7, 0.85603780378
11, -6, 0.86802770277
11, -5, 0.88796789679
11, -4, 0.89898789879
11, -3, 0.88400810081
11, -2, 0.87100750075
11, -1, 0.84397679768
11, 0, 0.84696689669
11, 1, 0.847936993699
11, 2, 0.8359969997
11, 3, 0.80699679968
12, -15, 0.83301740174
12, -14, 0.83902750275
12, -13, 0.83801760176
12, -12, 0.84201760176
12, -11, 0.84201760176
12, -10, 0.84101760176
12, -9, 0.84301760176
12, -8, 0.85302770277
12, -7, 0.86101760176
12, -6, 0.87399779978
12, -5, 0.89097759776
12, -4, 0.89799819982
12, -3, 0.8800180018
12, -2, 0.84799679968
12, -1, 0.84397679768
12, 0, 0.84696689669
12, 1, 0.847936993699
12, 2, 0.8359969997
12, 3, 0.80699679968
13, -15, 0.84001760176
13, -14, 0.83801760176
13, -13, 0.84201760176
13, -12, 0.84201760176
13, -11, 0.84101760176
13, -10, 0.84001760176
13, -9, 0.84902770277
13, -8, 0.85504770477
13, -7, 0.86702770277
13, -6, 0.8839579958
13, -5, 0.89398789879
13, -4, 0.88900790079
13, -3, 0.87602770277
13, -2, 0.84698669867
13, -1, 0.84397679768
13, 0, 0.84696689669
13, 1, 0.847936993699
13, 2, 0.8359969997
13, 3, 0.80699679968
14, -15, 0.83901760176
14, -14, 0.84101760176
14, -13, 0.84201760176
14, -12, 0.84101760176
14, -11, 0.84101760176
14, -10, 0.84301760176
14, -9, 0.85201760176
14, -8, 0.86202770277
14, -7, 0.87299779978
14, -6, 0.89597779778
14, -5, 0.8989979998
14, -4, 0.88499819982
14, -3, 0.86501740174
14, -2, 0.84698669867
14, -1, 0.84397679768
14, 0, 0.84696689669
14, 1, 0.847936993699
14, 2, 0.8359969997
14, 3, 0.80699679968
15, -15, 0.84101760176
15, -14, 0.84201760176
15, -13, 0.84001760176
15, -12, 0.84101760176
15, -11, 0.84101760176
15, -10, 0.85102770277
15, -9, 0.857067906791
15, -8, 0.86902770277
15, -7, 0.88096789679
15, -6, 0.89198769877
15, -5, 0.89900810081
15, -4, 0.87701780178
15, -3, 0.85300710071
15, -2, 0.84698669867
15, -1, 0.84397679768
15, 0, 0.84696689669
15, 1, 0.847936993699
15, 2, 0.8359969997
15, 3, 0.80699679968
