-5, -15, 0.564011204482
-5, -14, 0.564011204482
-5, -13, 0.564011204482
-5, -12, 0.564011204482
-5, -11, 0.564011204482
-5, -10, 0.564011204482
-5, -9, 0.564011204482
-5, -8, 0.564011204482
-5, -7, 0.564011204482
-5, -6, 0.564011204482
-5, -5, 0.564011204482
-5, -4, 0.564011204482
-5, -3, 0.564011204482
-5, -2, 0.564011204482
-5, -1, 0.564011204482
-5, 0, 0.564011204482
-5, 1, 0.564011204482
-5, 2, 0.564011204482
-5, 3, 0.564011204482
-4, -15, 0.564011204482
-4, -14, 0.564011204482
-4, -13, 0.564011204482
-4, -12, 0.564011204482
-4, -11, 0.564011204482
-4, -10, 0.564011204482
-4, -9, 0.564011204482
-4, -8, 0.564011204482
-4, -7, 0.564011204482
-4, -6, 0.564011204482
-4, -5, 0.564011204482
-4, -4, 0.564011204482
-4, -3, 0.564011204482
-4, -2, 0.564011204482
-4, -1, 0.564011204482
-4, 0, 0.564011204482
-4, 1, 0.564011204482
-4, 2, 0.564011204482
-4, 3, 0.564011204482
-3, -15, 0.564011204482
-3, -14, 0.564011204482
-3, -13, 0.564011204482
-3, -12, 0.564011204482
-3, -11, 0.564011204482
-3, -10, 0.564011204482
-3, -9, 0.564011204482
-3, -8, 0.564011204482
-3, -7, 0.564011204482
-3, -6, 0.564011204482
-3, -5, 0.564011204482
-3, -4, 0.564011204482
-3, -3, 0.564011204482
-3, -2, 0.564011204482
-3, -1, 0.564011204482
-3, 0, 0.564011204482
-3, 1, 0.564011204482
-3, 2, 0.564011204482
-3, 3, 0.564011204482
-2, -15, 0.564011204482
-2, -14, 0.564011204482
-2, -13, 0.564011204482
-2, -12, 0.564011204482
-2, -11, 0.564011204482
-2, -10, 0.564011204482
-2, -9, 0.564011204482
-2, -8, 0.564011204482
-2, -7, 0.564011204482
-2, -6, 0.564011204482
-2, -5, 0.564011204482
-2, -4, 0.564011204482
-2, -3, 0.562050420168
-2, -2, 0.562050420168
-2, -1, 0.564011204482
-2, 0, 0.564011204482
-2, 1, 0.564011204482
-2, 2, 0.564011204482
-2, 3, 0.564011204482
-1, -15, 0.564011204482
-1, -14, 0.564011204482
-1, -13, 0.564011204482
-1, -12, 0.564011204482
-1, -11, 0.564011204482
-1, -10, 0.564011204482
-1, -9, 0.564011204482
-1, -8, 0.564011204482
-1, -7, 0.564011204482
-1, -6, 0.564011204482
-1, -5, 0.564091236495
-1, -4, 0.592128851541
-1, -3, 0.604525810324
-1, -2, 0.584207282913
-1, -1, 0.564011204482
-1, 0, 0.564011204482
-1, 1, 0.564011204482
-1, 2, 0.564011204482
-1, 3, 0.564011204482
0, -15, 0.564011204482
0, -14, 0.564011204482
0, -13, 0.564011204482
0, -12, 0.564011204482
0, -11, 0.564011204482
0, -10, 0.564011204482
0, -9, 0.564011204482
0, -8, 0.564011204482
0, -7, 0.564011204482
0, -6, 0.562091236495
0, -5, 0.612527410964
0, -4, 0.616288915566
0, -3, 0.626331332533
0, -2, 0.624292116847
0, -1, 0.590368947579
0, 0, 0.564011204482
0, 1, 0.564011204482
0, 2, 0.564011204482
0, 3, 0.564011204482
1, -15, 0.564011204482
1, -14, 0.564011204482
1, -13, 0.564011204482
1, -12, 0.564011204482
1, -11, 0.564011204482
1, -10, 0.564011204482
1, -9, 0.564011204482
1, -8, 0.564011204482
1, -7, 0.564050420168
1, -6, 0.620529011605
1, -5, 0.62225130052
1, -4, 0.63437535014
1, -3, 0.630414565826
1, -2, 0.630256102441
1, -1, 0.616491396559
1, 0, 0.564011204482
1, 1, 0.564011204482
1, 2, 0.564011204482
1, 3, 0.564011204482
2, -15, 0.564011204482
2, -14, 0.564011204482
2, -13, 0.564011204482
2, -12, 0.564011204482
2, -11, 0.564011204482
2, -10, 0.564011204482
2, -9, 0.564011204482
2, -8, 0.560089635854
2, -7, 0.616527410964
2, -6, 0.634334533814
2, -5, 0.640416166467
2, -4, 0.636416166467
2, -3, 0.622332933173
2, -2, 0.626414565826
2, -1, 0.616491396559
2, 0, 0.564011204482
2, 1, 0.564011204482
2, 2, 0.564011204482
2, 3, 0.564011204482
3, -15, 0.564011204482
3, -14, 0.564011204482
3, -13, 0.564011204482
3, -12, 0.564011204482
3, -11, 0.564011204482
3, -10, 0.564011204482
3, -9, 0.558089635854
3, -8, 0.616447378952
3, -7, 0.638334533814
3, -6, 0.648458583433
3, -5, 0.634455382153
3, -4, 0.62037535014
3, -3, 0.626292116847
3, -2, 0.626414565826
3, -1, 0.616491396559
3, 0, 0.564011204482
3, 1, 0.564011204482
3, 2, 0.564011204482
3, 3, 0.564011204482
4, -15, 0.564011204482
4, -14, 0.564011204482
4, -13, 0.564011204482
4, -12, 0.564011204482
4, -11, 0.564011204482
4, -10, 0.556128851541
4, -9, 0.618488195278
4, -8, 0.638334533814
4, -7, 0.648458583433
4, -6, 0.634456982793
4, -5, 0.632414565826
4, -4, 0.636215286114
4, -3, 0.626172869148
4, -2, 0.626414565826
4, -1, 0.616491396559
4, 0, 0.564011204482
4, 1, 0.564011204482
4, 2, 0.564011204482
4, 3, 0.564011204482
5, -15, 0.564011204482
5, -14, 0.564011204482
5, -13, 0.564011204482
5, -12, 0.564011204482
5, -11, 0.556128851541
5, -10, 0.620488195278
5, -9, 0.638334533814
5, -8, 0.644458583433
5, -7, 0.630537014806
5, -6, 0.624494597839
5, -5, 0.622292116847
5, -4, 0.624052020808
5, -3, 0.626172869148
5, -2, 0.626414565826
5, -1, 0.616491396559
5, 0, 0.564011204482
5, 1, 0.564011204482
5, 2, 0.564011204482
5, 3, 0.564011204482
6, -15, 0.564011204482
6, -14, 0.564011204482
6, -13, 0.564011204482
6, -12, 0.556128851541
6, -11, 0.618488195278
6, -10, 0.638334533814
6, -9, 0.638456982793
6, -8, 0.632537014806
6, -7, 0.626455382153
6, -6, 0.632295318127
6, -5, 0.638055222089
6, -4, 0.628092837135
6, -3, 0.626172869148
6, -2, 0.626414565826
6, -1, 0.616491396559
6, 0, 0.564011204482
6, 1, 0.564011204482
6, 2, 0.564011204482
6, 3, 0.564011204482
7, -15, 0.564011204482
7, -14, 0.564011204482
7, -13, 0.556128851541
7, -12, 0.618488195278
7, -11, 0.638334533814
7, -10, 0.640456982793
7, -9, 0.63249779912
7, -8, 0.622414565826
7, -7, 0.620174469788
7, -6, 0.624331332533
7, -5, 0.627970388155
7, -4, 0.628092837135
7, -3, 0.626172869148
7, -2, 0.626414565826
7, -1, 0.616491396559
7, 0, 0.564011204482
7, 1, 0.564011204482
7, 2, 0.564011204482
7, 3, 0.564011204482
8, -15, 0.564011204482
8, -14, 0.556128851541
8, -13, 0.618488195278
8, -12, 0.638334533814
8, -11, 0.640456982793
8, -10, 0.63249779912
8, -9, 0.62437535014
8, -8, 0.614292116847
8, -7, 0.622254501801
8, -6, 0.630053621449
8, -5, 0.629891956783
8, -4, 0.628092837135
8, -3, 0.626172869148
8, -2, 0.626414565826
8, -1, 0.616491396559
8, 0, 0.564011204482
8, 1, 0.564011204482
8, 2, 0.564011204482
8, 3, 0.564011204482
9, -15, 0.556128851541
9, -14, 0.618488195278
9, -13, 0.638334533814
9, -12, 0.640456982793
9, -11, 0.63249779912
9, -10, 0.62037535014
9, -9, 0.620334533814
9, -8, 0.608331332533
9, -7, 0.632332933173
9, -6, 0.627971988796
9, -5, 0.629891956783
9, -4, 0.628092837135
9, -3, 0.626172869148
9, -2, 0.626414565826
9, -1, 0.616491396559
9, 0, 0.564011204482
9, 1, 0.564011204482
9, 2, 0.564011204482
9, 3, 0.564011204482
10, -15, 0.618488195278
10, -14, 0.638334533814
10, -13, 0.640456982793
10, -12, 0.63249779912
10, -11, 0.62037535014
10, -10, 0.61637535014
10, -9, 0.618293717487
10, -8, 0.628254501801
10, -7, 0.636012805122
10, -6, 0.619849539816
10, -5, 0.629891956783
10, -4, 0.628092837135
10, -3, 0.626172869148
10, -2, 0.626414565826
10, -1, 0.616491396559
10, 0, 0.564011204482
10, 1, 0.564011204482
10, 2, 0.564011204482
10, 3, 0.564011204482
11, -15, 0.638334533814
11, -14, 0.640456982793
11, -13, 0.63249779912
11, -12, 0.624336134454
11, -11, 0.61637535014
11, -10, 0.6163737495
11, -9, 0.606332933173
11, -8, 0.634293717487
11, -7, 0.623891956783
11, -6, 0.619849539816
11, -5, 0.629891956783
11, -4, 0.628092837135
11, -3, 0.626172869148
11, -2, 0.626414565826
11, -1, 0.616491396559
11, 0, 0.564011204482
11, 1, 0.564011204482
11, 2, 0.564011204482
11, 3, 0.564011204482
12, -15, 0.640456982793
12, -14, 0.634458583433
12, -13, 0.624336134454
12, -12, 0.614334533814
12, -11, 0.614332933173
12, -10, 0.608293717487
12, -9, 0.628176070428
12, -8, 0.639973589436
12, -7, 0.621849539816
12, -6, 0.619849539816
12, -5, 0.629891956783
12, -4, 0.628092837135
12, -3, 0.626172869148
12, -2, 0.626414565826
12, -1, 0.616491396559
12, 0, 0.564011204482
12, 1, 0.564011204482
12, 2, 0.564011204482
12, 3, 0.564011204482
13, -15, 0.634458583433
13, -14, 0.62037535014
13, -13, 0.614334533814
13, -12, 0.616332933173
13, -11, 0.612332933173
13, -10, 0.606332933173
13, -9, 0.622292116847
13, -8, 0.631932773109
13, -7, 0.621849539816
13, -6, 0.619849539816
13, -5, 0.629891956783
13, -4, 0.628092837135
13, -3, 0.626172869148
13, -2, 0.626414565826
13, -1, 0.616491396559
13, 0, 0.564011204482
13, 1, 0.564011204482
13, 2, 0.564011204482
13, 3, 0.564011204482
14, -15, 0.626336134454
14, -14, 0.614334533814
14, -13, 0.618332933173
14, -12, 0.614332933173
14, -11, 0.610492997199
14, -10, 0.620215286114
14, -9, 0.641973589436
14, -8, 0.625851140456
14, -7, 0.621849539816
14, -6, 0.619849539816
14, -5, 0.629891956783
14, -4, 0.628092837135
14, -3, 0.626172869148
14, -2, 0.626414565826
14, -1, 0.616491396559
14, 0, 0.564011204482
14, 1, 0.564011204482
14, 2, 0.564011204482
14, 3, 0.564011204482
15, -15, 0.616334533814
15, -14, 0.61637214886
15, -13, 0.610292116847
15, -12, 0.606292116847
15, -11, 0.612293717487
15, -10, 0.6263737495
15, -9, 0.631932773109
15, -8, 0.625851140456
15, -7, 0.621849539816
15, -6, 0.619849539816
15, -5, 0.629891956783
15, -4, 0.628092837135
15, -3, 0.626172869148
15, -2, 0.626414565826
15, -1, 0.616491396559
15, 0, 0.564011204482
15, 1, 0.564011204482
15, 2, 0.564011204482
15, 3, 0.564011204482
