-5, -15, 0.608035214086
-5, -14, 0.608035214086
-5, -13, 0.608035214086
-5, -12, 0.608035214086
-5, -11, 0.608035214086
-5, -10, 0.608035214086
-5, -9, 0.608035214086
-5, -8, 0.608035214086
-5, -7, 0.608035214086
-5, -6, 0.608035214086
-5, -5, 0.608035214086
-5, -4, 0.608035214086
-5, -3, 0.608035214086
-5, -2, 0.608035214086
-5, -1, 0.608035214086
-5, 0, 0.608035214086
-5, 1, 0.608035214086
-5, 2, 0.608035214086
-5, 3, 0.608035214086
-4, -15, 0.608035214086
-4, -14, 0.608035214086
-4, -13, 0.608035214086
-4, -12, 0.608035214086
-4, -11, 0.608035214086
-4, -10, 0.608035214086
-4, -9, 0.608035214086
-4, -8, 0.608035214086
-4, -7, 0.608035214086
-4, -6, 0.608035214086
-4, -5, 0.608035214086
-4, -4, 0.608035214086
-4, -3, 0.608035214086
-4, -2, 0.608035214086
-4, -1, 0.608035214086
-4, 0, 0.608035214086
-4, 1, 0.608035214086
-4, 2, 0.608035214086
-4, 3, 0.608035214086
-3, -15, 0.608035214086
-3, -14, 0.608035214086
-3, -13, 0.608035214086
-3, -12, 0.608035214086
-3, -11, 0.608035214086
-3, -10, 0.608035214086
-3, -9, 0.608035214086
-3, -8, 0.608035214086
-3, -7, 0.608035214086
-3, -6, 0.608035214086
-3, -5, 0.608035214086
-3, -4, 0.608035214086
-3, -3, 0.608035214086
-3, -2, 0.608035214086
-3, -1, 0.608035214086
-3, 0, 0.608035214086
-3, 1, 0.608035214086
-3, 2, 0.608035214086
-3, 3, 0.608035214086
-2, -15, 0.608035214086
-2, -14, 0.608035214086
-2, -13, 0.608035214086
-2, -12, 0.608035214086
-2, -11, 0.608035214086
-2, -10, 0.608035214086
-2, -9, 0.608035214086
-2, -8, 0.608035214086
-2, -7, 0.608035214086
-2, -6, 0.608035214086
-2, -5, 0.608035214086
-2, -4, 0.608035214086
-2, -3, 0.608035214086
-2, -2, 0.603953581433
-2, -1, 0.605994397759
-2, 0, 0.608035214086
-2, 1, 0.608035214086
-2, 2, 0.608035214086
-2, 3, 0.608035214086
-1, -15, 0.608035214086
-1, -14, 0.608035214086
-1, -13, 0.608035214086
-1, -12, 0.608035214086
-1, -11, 0.608035214086
-1, -10, 0.608035214086
-1, -9, 0.608035214086
-1, -8, 0.608035214086
-1, -7, 0.608035214086
-1, -6, 0.608035214086
-1, -5, 0.608035214086
-1, -4, 0.608035214086
-1, -3, 0.591788715486
-1, -2, 0.610077631052
-1, -1, 0.614196878752
-1, 0, 0.606074429772
-1, 1, 0.608035214086
-1, 2, 0.608035214086
-1, 3, 0.608035214086
0, -15, 0.608035214086
0, -14, 0.608035214086
0, -13, 0.608035214086
0, -12, 0.608035214086
0, -11, 0.608035214086
0, -10, 0.608035214086
0, -9, 0.608035214086
0, -8, 0.608035214086
0, -7, 0.608035214086
0, -6, 0.608035214086
0, -5, 0.608035214086
0, -4, 0.587909563826
0, -3, 0.641964785914
0, -2, 0.649729491797
0, -1, 0.657892757103
0, 0, 0.669856742697
0, 1, 0.613917567027
0, 2, 0.608035214086
0, 3, 0.608035214086
1, -15, 0.608035214086
1, -14, 0.608035214086
1, -13, 0.608035214086
1, -12, 0.608035214086
1, -11, 0.608035214086
1, -10, 0.608035214086
1, -9, 0.608035214086
1, -8, 0.608035214086
1, -7, 0.608035214086
1, -6, 0.608035214086
1, -5, 0.593951980792
1, -4, 0.639925570228
1, -3, 0.653569427771
1, -2, 0.655731092437
1, -1, 0.666096838735
1, 0, 0.661894357743
1, 1, 0.620319327731
1, 2, 0.608035214086
1, 3, 0.608035214086
2, -15, 0.608035214086
2, -14, 0.608035214086
2, -13, 0.608035214086
2, -12, 0.608035214086
2, -11, 0.608035214086
2, -10, 0.608035214086
2, -9, 0.608035214086
2, -8, 0.608035214086
2, -7, 0.608035214086
2, -6, 0.605835934374
2, -5, 0.639723089236
2, -4, 0.653528611445
2, -3, 0.64968867547
2, -2, 0.655892757103
2, -1, 0.627923969588
2, 0, 0.655892757103
2, 1, 0.620319327731
2, 2, 0.608035214086
2, 3, 0.608035214086
3, -15, 0.608035214086
3, -14, 0.608035214086
3, -13, 0.608035214086
3, -12, 0.608035214086
3, -11, 0.608035214086
3, -10, 0.608035214086
3, -9, 0.608035214086
3, -8, 0.608035214086
3, -7, 0.607995998399
3, -6, 0.637600640256
3, -5, 0.643443777511
3, -4, 0.645246098439
3, -3, 0.667737494998
3, -2, 0.641768707483
3, -1, 0.623723089236
3, 0, 0.655892757103
3, 1, 0.620319327731
3, 2, 0.608035214086
3, 3, 0.608035214086
4, -15, 0.608035214086
4, -14, 0.608035214086
4, -13, 0.608035214086
4, -12, 0.608035214086
4, -11, 0.608035214086
4, -10, 0.608035214086
4, -9, 0.608035214086
4, -8, 0.608076030412
4, -7, 0.63555982393
4, -6, 0.639401360544
4, -5, 0.635202080832
4, -4, 0.653807923169
4, -3, 0.649889555822
4, -2, 0.608115246098
4, -1, 0.629724689876
4, 0, 0.655892757103
4, 1, 0.620319327731
4, 2, 0.608035214086
4, 3, 0.608035214086
5, -15, 0.608035214086
5, -14, 0.608035214086
5, -13, 0.608035214086
5, -12, 0.608035214086
5, -11, 0.608035214086
5, -10, 0.608035214086
5, -9, 0.604154461785
5, -8, 0.633599039616
5, -7, 0.635479791917
5, -6, 0.627198879552
5, -5, 0.639404561825
5, -4, 0.657771908764
5, -3, 0.631843937575
5, -2, 0.61599919968
5, -1, 0.629724689876
5, 0, 0.655892757103
5, 1, 0.620319327731
5, 2, 0.608035214086
5, 3, 0.608035214086
6, -15, 0.608035214086
6, -14, 0.608035214086
6, -13, 0.608035214086
6, -12, 0.608035214086
6, -11, 0.608035214086
6, -10, 0.606115246098
6, -9, 0.635639855942
6, -8, 0.633519007603
6, -7, 0.623197278912
6, -6, 0.615396558623
6, -5, 0.649889555822
6, -4, 0.641848739496
6, -3, 0.59431292517
6, -2, 0.62000080032
6, -1, 0.629724689876
6, 0, 0.655892757103
6, 1, 0.620319327731
6, 2, 0.608035214086
6, 3, 0.608035214086
7, -15, 0.608035214086
7, -14, 0.608035214086
7, -13, 0.608035214086
7, -12, 0.608035214086
7, -11, 0.606115246098
7, -10, 0.635639855942
7, -9, 0.631478191277
7, -8, 0.629278911565
7, -7, 0.623399759904
7, -6, 0.633363745498
7, -5, 0.647807923169
7, -4, 0.612077631052
7, -3, 0.600152861144
7, -2, 0.62000080032
7, -1, 0.629724689876
7, 0, 0.655892757103
7, 1, 0.620319327731
7, 2, 0.608035214086
7, 3, 0.608035214086
8, -15, 0.608035214086
8, -14, 0.608035214086
8, -13, 0.608035214086
8, -12, 0.604154461785
8, -11, 0.637680672269
8, -10, 0.631478191277
8, -9, 0.627358943577
8, -8, 0.621357342937
8, -7, 0.623478191277
8, -6, 0.657892757103
8, -5, 0.639806322529
8, -4, 0.59831452581
8, -3, 0.602152861144
8, -2, 0.62000080032
8, -1, 0.629724689876
8, 0, 0.655892757103
8, 1, 0.620319327731
8, 2, 0.608035214086
8, 3, 0.608035214086
9, -15, 0.608035214086
9, -14, 0.608035214086
9, -13, 0.604154461785
9, -12, 0.635639855942
9, -11, 0.631478191277
9, -10, 0.627358943577
9, -9, 0.617316526611
9, -8, 0.61743737495
9, -7, 0.631482993197
9, -6, 0.64168707483
9, -5, 0.604076030412
9, -4, 0.582069627851
9, -3, 0.602152861144
9, -2, 0.62000080032
9, -1, 0.629724689876
9, 0, 0.655892757103
9, 1, 0.620319327731
9, 2, 0.608035214086
9, 3, 0.608035214086
10, -15, 0.608035214086
10, -14, 0.604154461785
10, -13, 0.635639855942
10, -12, 0.631478191277
10, -11, 0.627358943577
10, -10, 0.615355742297
10, -9, 0.623398159264
10, -8, 0.62143897559
10, -7, 0.651889555822
10, -6, 0.627721488595
10, -5, 0.59231452581
10, -4, 0.578146458583
10, -3, 0.602152861144
10, -2, 0.62000080032
10, -1, 0.629724689876
10, 0, 0.655892757103
10, 1, 0.620319327731
10, 2, 0.608035214086
10, 3, 0.608035214086
11, -15, 0.604154461785
11, -14, 0.637680672269
11, -13, 0.62943737495
11, -12, 0.627358943577
11, -11, 0.617396558623
11, -10, 0.62143737495
11, -9, 0.617357342937
11, -8, 0.62756142457
11, -7, 0.637765506202
11, -6, 0.602076030412
11, -5, 0.585991196479
11, -4, 0.578146458583
11, -3, 0.602152861144
11, -2, 0.62000080032
11, -1, 0.629724689876
11, 0, 0.655892757103
11, 1, 0.620319327731
11, 2, 0.608035214086
11, 3, 0.608035214086
12, -15, 0.635680672269
12, -14, 0.62943737495
12, -13, 0.627358943577
12, -12, 0.61543577431
12, -11, 0.62143737495
12, -10, 0.617556622649
12, -9, 0.623360544218
12, -8, 0.649848739496
12, -7, 0.629801520608
12, -6, 0.59031452581
12, -5, 0.582107242897
12, -4, 0.578146458583
12, -3, 0.602152861144
12, -2, 0.62000080032
12, -1, 0.629724689876
12, 0, 0.655892757103
12, 1, 0.620319327731
12, 2, 0.608035214086
12, 3, 0.608035214086
13, -15, 0.62943737495
13, -14, 0.627358943577
13, -13, 0.617396558623
13, -12, 0.61943737495
13, -11, 0.615476590636
13, -10, 0.615277310924
13, -9, 0.623479791917
13, -8, 0.635804721889
13, -7, 0.598035214086
13, -6, 0.584268907563
13, -5, 0.580066426571
13, -4, 0.578146458583
13, -3, 0.602152861144
13, -2, 0.62000080032
13, -1, 0.629724689876
13, 0, 0.655892757103
13, 1, 0.620319327731
13, 2, 0.608035214086
13, 3, 0.608035214086
14, -15, 0.625398159264
14, -14, 0.617396558623
14, -13, 0.617357342937
14, -12, 0.611355742297
14, -11, 0.617476590636
14, -10, 0.619278911565
14, -9, 0.647807923169
14, -8, 0.627801520608
14, -7, 0.584392957183
14, -6, 0.580148059224
14, -5, 0.580066426571
14, -4, 0.578146458583
14, -3, 0.602152861144
14, -2, 0.62000080032
14, -1, 0.629724689876
14, 0, 0.655892757103
14, 1, 0.620319327731
14, 2, 0.608035214086
14, 3, 0.608035214086
15, -15, 0.617316526611
15, -14, 0.617316526611
15, -13, 0.617318127251
15, -12, 0.623398159264
15, -11, 0.619398159264
15, -10, 0.621479791917
15, -9, 0.633763905562
15, -8, 0.598035214086
15, -7, 0.584268907563
15, -6, 0.578066426571
15, -5, 0.580066426571
15, -4, 0.578146458583
15, -3, 0.602152861144
15, -2, 0.62000080032
15, -1, 0.629724689876
15, 0, 0.655892757103
15, 1, 0.620319327731
15, 2, 0.608035214086
15, 3, 0.608035214086
