-5, -15, 0.524012820513
-5, -14, 0.524012820513
-5, -13, 0.524012820513
-5, -12, 0.524012820513
-5, -11, 0.524012820513
-5, -10, 0.524012820513
-5, -9, 0.524012820513
-5, -8, 0.524012820513
-5, -7, 0.524012820513
-5, -6, 0.524012820513
-5, -5, 0.524012820513
-5, -4, 0.524012820513
-5, -3, 0.524012820513
-5, -2, 0.524012820513
-5, -1, 0.524012820513
-5, 0, 0.524012820513
-5, 1, 0.536346153846
-5, 2, 0.524012820513
-5, 3, 0.524012820513
-4, -15, 0.524012820513
-4, -14, 0.524012820513
-4, -13, 0.524012820513
-4, -12, 0.524012820513
-4, -11, 0.524012820513
-4, -10, 0.524012820513
-4, -9, 0.524012820513
-4, -8, 0.524012820513
-4, -7, 0.524012820513
-4, -6, 0.524012820513
-4, -5, 0.524012820513
-4, -4, 0.524012820513
-4, -3, 0.524012820513
-4, -2, 0.524012820513
-4, -1, 0.604538461538
-4, 0, 0.692384615385
-4, 1, 0.703884615385
-4, 2, 0.732076923077
-4, 3, 0.584192307692
-3, -15, 0.524012820513
-3, -14, 0.524012820513
-3, -13, 0.524012820513
-3, -12, 0.524012820513
-3, -11, 0.524012820513
-3, -10, 0.524012820513
-3, -9, 0.524012820513
-3, -8, 0.524012820513
-3, -7, 0.524012820513
-3, -6, 0.524012820513
-3, -5, 0.524012820513
-3, -4, 0.524012820513
-3, -3, 0.524012820513
-3, -2, 0.664551282051
-3, -1, 0.676038461538
-3, 0, 0.716051282051
-3, 1, 0.776076923077
-3, 2, 0.807935897436
-3, 3, 0.819782051282
-2, -15, 0.524012820513
-2, -14, 0.524012820513
-2, -13, 0.524012820513
-2, -12, 0.524012820513
-2, -11, 0.524012820513
-2, -10, 0.524012820513
-2, -9, 0.524012820513
-2, -8, 0.524012820513
-2, -7, 0.524012820513
-2, -6, 0.524012820513
-2, -5, 0.524012820513
-2, -4, 0.524012820513
-2, -3, 0.676705128205
-2, -2, 0.664038461538
-2, -1, 0.688038461538
-2, 0, 0.744217948718
-2, 1, 0.807923076923
-2, 2, 0.840102564103
-2, 3, 0.875961538462
-1, -15, 0.524012820513
-1, -14, 0.524012820513
-1, -13, 0.524012820513
-1, -12, 0.524012820513
-1, -11, 0.524012820513
-1, -10, 0.524012820513
-1, -9, 0.524012820513
-1, -8, 0.524012820513
-1, -7, 0.524012820513
-1, -6, 0.524012820513
-1, -5, 0.520012820513
-1, -4, 0.676705128205
-1, -3, 0.652025641026
-1, -2, 0.676038461538
-1, -1, 0.732217948718
-1, 0, 0.759743589744
-1, 1, 0.816102564103
-1, 2, 0.856115384615
-1, 3, 0.875948717949
0, -15, 0.524012820513
0, -14, 0.524012820513
0, -13, 0.524012820513
0, -12, 0.524012820513
0, -11, 0.524012820513
0, -10, 0.524012820513
0, -9, 0.524012820513
0, -8, 0.524012820513
0, -7, 0.524012820513
0, -6, 0.520012820513
0, -5, 0.668538461538
0, -4, 0.656025641026
0, -3, 0.684038461538
0, -2, 0.695884615385
0, -1, 0.731884615385
0, 0, 0.803769230769
0, 1, 0.840115384615
0, 2, 0.884115384615
0, 3, 0.880269230769
1, -15, 0.524012820513
1, -14, 0.524012820513
1, -13, 0.524012820513
1, -12, 0.524012820513
1, -11, 0.524012820513
1, -10, 0.524012820513
1, -9, 0.524012820513
1, -8, 0.524012820513
1, -7, 0.520012820513
1, -6, 0.668538461538
1, -5, 0.660025641026
1, -4, 0.672038461538
1, -3, 0.671884615385
1, -2, 0.695884615385
1, -1, 0.743743589744
1, 0, 0.799769230769
1, 1, 0.848115384615
1, 2, 0.891948717949
1, 3, 0.888269230769
2, -15, 0.524012820513
2, -14, 0.524012820513
2, -13, 0.524012820513
2, -12, 0.524012820513
2, -11, 0.524012820513
2, -10, 0.524012820513
2, -9, 0.524012820513
2, -8, 0.520012820513
2, -7, 0.668538461538
2, -6, 0.652025641026
2, -5, 0.668038461538
2, -4, 0.671884615385
2, -3, 0.679884615385
2, -2, 0.716038461538
2, -1, 0.779756410256
2, 0, 0.831948717949
2, 1, 0.872269230769
2, 2, 0.888102564103
2, 3, 0.916282051282
3, -15, 0.524012820513
3, -14, 0.524012820513
3, -13, 0.524012820513
3, -12, 0.524012820513
3, -11, 0.524012820513
3, -10, 0.524012820513
3, -9, 0.520012820513
3, -8, 0.664371794872
3, -7, 0.652025641026
3, -6, 0.668038461538
3, -5, 0.671884615385
3, -4, 0.679884615385
3, -3, 0.704038461538
3, -2, 0.716038461538
3, -1, 0.791769230769
3, 0, 0.843794871795
3, 1, 0.884102564103
3, 2, 0.912602564103
3, 3, 0.916128205128
4, -15, 0.524012820513
4, -14, 0.524012820513
4, -13, 0.524012820513
4, -12, 0.524012820513
4, -11, 0.524012820513
4, -10, 0.520012820513
4, -9, 0.664371794872
4, -8, 0.652025641026
4, -7, 0.672038461538
4, -6, 0.667884615385
4, -5, 0.671884615385
4, -4, 0.672038461538
4, -3, 0.696038461538
4, -2, 0.767602564103
4, -1, 0.812256410256
4, 0, 0.868269230769
4, 1, 0.899782051282
4, 2, 0.923820512821
4, 3, 0.920128205128
5, -15, 0.524012820513
5, -14, 0.524012820513
5, -13, 0.524012820513
5, -12, 0.524012820513
5, -11, 0.520012820513
5, -10, 0.664371794872
5, -9, 0.652025641026
5, -8, 0.668038461538
5, -7, 0.663884615385
5, -6, 0.679884615385
5, -5, 0.651884615385
5, -4, 0.692038461538
5, -3, 0.716038461538
5, -2, 0.775756410256
5, -1, 0.824102564103
5, 0, 0.880269230769
5, 1, 0.911974358974
5, 2, 0.919820512821
5, 3, 0.920128205128
6, -15, 0.524012820513
6, -14, 0.524012820513
6, -13, 0.524012820513
6, -12, 0.520012820513
6, -11, 0.664371794872
6, -10, 0.652025641026
6, -9, 0.668038461538
6, -8, 0.663884615385
6, -7, 0.679884615385
6, -6, 0.656038461538
6, -5, 0.659871794872
6, -4, 0.692038461538
6, -3, 0.751743589744
6, -2, 0.80041025641
6, -1, 0.836269230769
6, 0, 0.903641025641
6, 1, 0.920141025641
6, 2, 0.915653846154
6, 3, 0.920128205128
7, -15, 0.524012820513
7, -14, 0.524012820513
7, -13, 0.520012820513
7, -12, 0.664371794872
7, -11, 0.652025641026
7, -10, 0.668038461538
7, -9, 0.663884615385
7, -8, 0.679884615385
7, -7, 0.671884615385
7, -6, 0.648192307692
7, -5, 0.684192307692
7, -4, 0.707717948718
7, -3, 0.77191025641
7, -2, 0.820102564103
7, -1, 0.876115384615
7, 0, 0.903807692308
7, 1, 0.923987179487
7, 2, 0.915653846154
7, 3, 0.920128205128
8, -15, 0.524012820513
8, -14, 0.520012820513
8, -13, 0.664371794872
8, -12, 0.652025641026
8, -11, 0.668038461538
8, -10, 0.663884615385
8, -9, 0.675884615385
8, -8, 0.671884615385
8, -7, 0.664192307692
8, -6, 0.664192307692
8, -5, 0.688038461538
8, -4, 0.752076923077
8, -3, 0.788076923077
8, -2, 0.820102564103
8, -1, 0.879948717949
8, 0, 0.903974358974
8, 1, 0.903974358974
8, 2, 0.915653846154
8, 3, 0.920128205128
9, -15, 0.520012820513
9, -14, 0.664371794872
9, -13, 0.652025641026
9, -12, 0.668038461538
9, -11, 0.663884615385
9, -10, 0.675884615385
9, -9, 0.671884615385
9, -8, 0.672038461538
9, -7, 0.652192307692
9, -6, 0.688192307692
9, -5, 0.703717948718
9, -4, 0.77591025641
9, -3, 0.804243589744
9, -2, 0.852269230769
9, -1, 0.903641025641
9, 0, 0.911820512821
9, 1, 0.907974358974
9, 2, 0.915653846154
9, 3, 0.920128205128
10, -15, 0.664371794872
10, -14, 0.652025641026
10, -13, 0.668038461538
10, -12, 0.663884615385
10, -11, 0.675884615385
10, -10, 0.667884615385
10, -9, 0.668192307692
10, -8, 0.660038461538
10, -7, 0.672192307692
10, -6, 0.688038461538
10, -5, 0.752230769231
10, -4, 0.77191025641
10, -3, 0.816256410256
10, -2, 0.872269230769
10, -1, 0.895961538462
10, 0, 0.919820512821
10, 1, 0.907974358974
10, 2, 0.915653846154
10, 3, 0.920128205128
11, -15, 0.652025641026
11, -14, 0.664038461538
11, -13, 0.663884615385
11, -12, 0.675884615385
11, -11, 0.667884615385
11, -10, 0.672192307692
11, -9, 0.664038461538
11, -8, 0.660192307692
11, -7, 0.688192307692
11, -6, 0.703717948718
11, -5, 0.776076923077
11, -4, 0.788076923077
11, -3, 0.820102564103
11, -2, 0.871782051282
11, -1, 0.907820512821
11, 0, 0.911653846154
11, 1, 0.907974358974
11, 2, 0.915653846154
11, 3, 0.920128205128
12, -15, 0.668038461538
12, -14, 0.663884615385
12, -13, 0.675884615385
12, -12, 0.667884615385
12, -11, 0.668192307692
12, -10, 0.672038461538
12, -9, 0.664192307692
12, -8, 0.676358974359
12, -7, 0.700038461538
12, -6, 0.748064102564
12, -5, 0.776076923077
12, -4, 0.804076923077
12, -3, 0.860282051282
12, -2, 0.895794871795
12, -1, 0.903820512821
12, 0, 0.915653846154
12, 1, 0.907974358974
12, 2, 0.915653846154
12, 3, 0.920128205128
13, -15, 0.663884615385
13, -14, 0.675884615385
13, -13, 0.667884615385
13, -12, 0.672192307692
13, -11, 0.672038461538
13, -10, 0.660192307692
13, -9, 0.664192307692
13, -8, 0.688192307692
13, -7, 0.703717948718
13, -6, 0.768076923077
13, -5, 0.78391025641
13, -4, 0.820102564103
13, -3, 0.872115384615
13, -2, 0.899807692308
13, -1, 0.903820512821
13, 0, 0.915653846154
13, 1, 0.907974358974
13, 2, 0.915653846154
13, 3, 0.920128205128
14, -15, 0.671884615385
14, -14, 0.667884615385
14, -13, 0.672192307692
14, -12, 0.668192307692
14, -11, 0.668192307692
14, -10, 0.660192307692
14, -9, 0.680358974359
14, -8, 0.696038461538
14, -7, 0.748064102564
14, -6, 0.776076923077
14, -5, 0.800243589744
14, -4, 0.824269230769
14, -3, 0.879961538462
14, -2, 0.891974358974
14, -1, 0.903653846154
14, 0, 0.915653846154
14, 1, 0.907974358974
14, 2, 0.915653846154
14, 3, 0.920128205128
15, -15, 0.667884615385
15, -14, 0.672038461538
15, -13, 0.672038461538
15, -12, 0.664192307692
15, -11, 0.660192307692
15, -10, 0.660192307692
15, -9, 0.688192307692
15, -8, 0.703717948718
15, -7, 0.768076923077
15, -6, 0.78391025641
15, -5, 0.800076923077
15, -4, 0.860282051282
15, -3, 0.891794871795
15, -2, 0.891820512821
15, -1, 0.911653846154
15, 0, 0.915653846154
15, 1, 0.907974358974
15, 2, 0.915653846154
15, 3, 0.920128205128
