-5, -15, 0.47
-5, -14, 0.470625
-5, -13, 0.470625
-5, -12, 0.470625
-5, -11, 0.470625
-5, -10, 0.47125
-5, -9, 0.473125
-5, -8, 0.47625
-5, -7, 0.48375
-5, -6, 0.495
-5, -5, 0.521875
-5, -4, 0.564375
-5, -3, 0.63875
-5, -2, 0.688125
-5, -1, 0.610625
-5, 0, 0.520625
-5, 1, 0.513125
-5, 2, 0.509375
-5, 3, 0.5325
-4, -15, 0.47
-4, -14, 0.470625
-4, -13, 0.470625
-4, -12, 0.470625
-4, -11, 0.470625
-4, -10, 0.47125
-4, -9, 0.473125
-4, -8, 0.47625
-4, -7, 0.48375
-4, -6, 0.495
-4, -5, 0.521875
-4, -4, 0.564375
-4, -3, 0.63875
-4, -2, 0.688125
-4, -1, 0.610625
-4, 0, 0.520625
-4, 1, 0.513125
-4, 2, 0.509375
-4, 3, 0.5325
-3, -15, 0.47
-3, -14, 0.470625
-3, -13, 0.470625
-3, -12, 0.470625
-3, -11, 0.470625
-3, -10, 0.47125
-3, -9, 0.473125
-3, -8, 0.47625
-3, -7, 0.48375
-3, -6, 0.495
-3, -5, 0.521875
-3, -4, 0.566875
-3, -3, 0.638125
-3, -2, 0.688125
-3, -1, 0.610625
-3, 0, 0.520625
-3, 1, 0.513125
-3, 2, 0.509375
-3, 3, 0.5325
-2, -15, 0.47
-2, -14, 0.470625
-2, -13, 0.470625
-2, -12, 0.470625
-2, -11, 0.470625
-2, -10, 0.47125
-2, -9, 0.473125
-2, -8, 0.47625
-2, -7, 0.48375
-2, -6, 0.49625
-2, -5, 0.5275
-2, -4, 0.6
-2, -3, 0.68
-2, -2, 0.69125
-2, -1, 0.610625
-2, 0, 0.520625
-2, 1, 0.513125
-2, 2, 0.509375
-2, 3, 0.51875
-1, -15, 0.47
-1, -14, 0.470625
-1, -13, 0.470625
-1, -12, 0.470625
-1, -11, 0.470625
-1, -10, 0.47125
-1, -9, 0.473125
-1, -8, 0.47625
-1, -7, 0.484375
-1, -6, 0.499375
-1, -5, 0.56125
-1, -4, 0.72
-1, -3, 0.76625
-1, -2, 0.748125
-1, -1, 0.610625
-1, 0, 0.520625
-1, 1, 0.513125
-1, 2, 0.509375
-1, 3, 0.5325
0, -15, 0.47
0, -14, 0.470625
0, -13, 0.470625
0, -12, 0.470625
0, -11, 0.470625
0, -10, 0.47125
0, -9, 0.473125
0, -8, 0.474375
0, -7, 0.484375
0, -6, 0.52
0, -5, 0.668125
0, -4, 0.76625
0, -3, 0.765625
0, -2, 0.74125
0, -1, 0.7075
0, 0, 0.61625
0, 1, 0.53
0, 2, 0.498125
0, 3, 0.49125
1, -15, 0.47
1, -14, 0.470625
1, -13, 0.470625
1, -12, 0.470625
1, -11, 0.470625
1, -10, 0.47125
1, -9, 0.471875
1, -8, 0.475625
1, -7, 0.494375
1, -6, 0.584375
1, -5, 0.761875
1, -4, 0.771875
1, -3, 0.7425
1, -2, 0.71625
1, -1, 0.696875
1, 0, 0.608125
1, 1, 0.536875
1, 2, 0.490625
1, 3, 0.49
2, -15, 0.47
2, -14, 0.470625
2, -13, 0.470625
2, -12, 0.470625
2, -11, 0.470625
2, -10, 0.470625
2, -9, 0.471875
2, -8, 0.479375
2, -7, 0.528125
2, -6, 0.718125
2, -5, 0.769375
2, -4, 0.76
2, -3, 0.7175
2, -2, 0.72
2, -1, 0.69625
2, 0, 0.608125
2, 1, 0.536875
2, 2, 0.490625
2, 3, 0.49
3, -15, 0.47
3, -14, 0.470625
3, -13, 0.470625
3, -12, 0.470625
3, -11, 0.470625
3, -10, 0.470625
3, -9, 0.47125
3, -8, 0.491875
3, -7, 0.59875
3, -6, 0.76875
3, -5, 0.769375
3, -4, 0.72875
3, -3, 0.7075
3, -2, 0.718125
3, -1, 0.69625
3, 0, 0.608125
3, 1, 0.536875
3, 2, 0.490625
3, 3, 0.49
4, -15, 0.47
4, -14, 0.470625
4, -13, 0.470625
4, -12, 0.470625
4, -11, 0.466875
4, -10, 0.465625
4, -9, 0.47375
4, -8, 0.523125
4, -7, 0.74
4, -6, 0.769375
4, -5, 0.7525
4, -4, 0.7075
4, -3, 0.71
4, -2, 0.718125
4, -1, 0.69625
4, 0, 0.608125
4, 1, 0.536875
4, 2, 0.490625
4, 3, 0.49
5, -15, 0.47
5, -14, 0.470625
5, -13, 0.470625
5, -12, 0.465625
5, -11, 0.463125
5, -10, 0.4625
5, -9, 0.49375
5, -8, 0.60375
5, -7, 0.769375
5, -6, 0.768125
5, -5, 0.731875
5, -4, 0.69
5, -3, 0.705625
5, -2, 0.718125
5, -1, 0.69625
5, 0, 0.608125
5, 1, 0.536875
5, 2, 0.490625
5, 3, 0.49
6, -15, 0.47
6, -14, 0.470625
6, -13, 0.465625
6, -12, 0.46125
6, -11, 0.461875
6, -10, 0.475625
6, -9, 0.52125
6, -8, 0.741875
6, -7, 0.77
6, -6, 0.74625
6, -5, 0.69625
6, -4, 0.688125
6, -3, 0.70625
6, -2, 0.718125
6, -1, 0.69625
6, 0, 0.608125
6, 1, 0.536875
6, 2, 0.490625
6, 3, 0.49
7, -15, 0.47
7, -14, 0.465625
7, -13, 0.46
7, -12, 0.45875
7, -11, 0.464375
7, -10, 0.490625
7, -9, 0.610625
7, -8, 0.7675
7, -7, 0.766875
7, -6, 0.73625
7, -5, 0.68125
7, -4, 0.690625
7, -3, 0.70625
7, -2, 0.718125
7, -1, 0.69625
7, 0, 0.608125
7, 1, 0.536875
7, 2, 0.490625
7, 3, 0.49
8, -15, 0.465625
8, -14, 0.45875
8, -13, 0.455
8, -12, 0.464375
8, -11, 0.474375
8, -10, 0.519375
8, -9, 0.74625
8, -8, 0.77125
8, -7, 0.74875
8, -6, 0.6975
8, -5, 0.68
8, -4, 0.691875
8, -3, 0.70625
8, -2, 0.718125
8, -1, 0.69625
8, 0, 0.608125
8, 1, 0.536875
8, 2, 0.490625
8, 3, 0.49
9, -15, 0.458125
9, -14, 0.455
9, -13, 0.460625
9, -12, 0.464375
9, -11, 0.488125
9, -10, 0.61375
9, -9, 0.7675
9, -8, 0.766875
9, -7, 0.730625
9, -6, 0.68625
9, -5, 0.67875
9, -4, 0.691875
9, -3, 0.70625
9, -2, 0.718125
9, -1, 0.69625
9, 0, 0.608125
9, 1, 0.536875
9, 2, 0.490625
9, 3, 0.49
10, -15, 0.45375
10, -14, 0.46
10, -13, 0.459375
10, -12, 0.475625
10, -11, 0.520625
10, -10, 0.74875
10, -9, 0.771875
10, -8, 0.748125
10, -7, 0.699375
10, -6, 0.678125
10, -5, 0.67875
10, -4, 0.691875
10, -3, 0.70625
10, -2, 0.718125
10, -1, 0.69625
10, 0, 0.608125
10, 1, 0.536875
10, 2, 0.490625
10, 3, 0.49
11, -15, 0.46
11, -14, 0.46
11, -13, 0.465625
11, -12, 0.4925
11, -11, 0.615
11, -10, 0.7675
11, -9, 0.765
11, -8, 0.728125
11, -7, 0.689375
11, -6, 0.68
11, -5, 0.67875
11, -4, 0.691875
11, -3, 0.70625
11, -2, 0.718125
11, -1, 0.69625
11, 0, 0.608125
11, 1, 0.536875
11, 2, 0.490625
11, 3, 0.49
12, -15, 0.46
12, -14, 0.46125
12, -13, 0.47
12, -12, 0.518125
12, -11, 0.751875
12, -10, 0.77125
12, -9, 0.745625
12, -8, 0.704375
12, -7, 0.67875
12, -6, 0.68625
12, -5, 0.67875
12, -4, 0.691875
12, -3, 0.70625
12, -2, 0.718125
12, -1, 0.69625
12, 0, 0.608125
12, 1, 0.536875
12, 2, 0.490625
12, 3, 0.49
13, -15, 0.456875
13, -14, 0.463125
13, -13, 0.49125
13, -12, 0.615
13, -11, 0.7675
13, -10, 0.764375
13, -9, 0.729375
13, -8, 0.6875
13, -7, 0.68
13, -6, 0.68
13, -5, 0.67875
13, -4, 0.691875
13, -3, 0.70625
13, -2, 0.718125
13, -1, 0.69625
13, 0, 0.608125
13, 1, 0.536875
13, 2, 0.490625
13, 3, 0.49
14, -15, 0.4575
14, -14, 0.475
14, -13, 0.52
14, -12, 0.750625
14, -11, 0.77125
14, -10, 0.74375
14, -9, 0.70625
14, -8, 0.6825
14, -7, 0.676875
14, -6, 0.68
14, -5, 0.67875
14, -4, 0.691875
14, -3, 0.70625
14, -2, 0.718125
14, -1, 0.69625
14, 0, 0.608125
14, 1, 0.536875
14, 2, 0.490625
14, 3, 0.49
15, -15, 0.46375
15, -14, 0.490625
15, -13, 0.61625
15, -12, 0.7675
15, -11, 0.76375
15, -10, 0.726875
15, -9, 0.689375
15, -8, 0.674375
15, -7, 0.684375
15, -6, 0.68
15, -5, 0.67875
15, -4, 0.691875
15, -3, 0.70625
15, -2, 0.718125
15, -1, 0.69625
15, 0, 0.608125
15, 1, 0.536875
15, 2, 0.490625
15, 3, 0.49
