-5, -15, 0.648370153121
-5, -14, 0.648370153121
-5, -13, 0.648370153121
-5, -12, 0.648370153121
-5, -11, 0.648370153121
-5, -10, 0.648370153121
-5, -9, 0.648370153121
-5, -8, 0.648370153121
-5, -7, 0.713092197187
-5, -6, 0.91971602409
-5, -5, 0.953627478623
-5, -4, 0.96687663609
-5, -3, 0.972029080126
-5, -2, 0.97765471034
-5, -1, 0.982176405261
-5, 0, 0.984594967613
-5, 1, 0.98675059359
-5, 2, 0.987223752169
-5, 3, 0.986645275292
-4, -15, 0.648370153121
-4, -14, 0.648370153121
-4, -13, 0.648370153121
-4, -12, 0.648370153121
-4, -11, 0.648370153121
-4, -10, 0.648370153121
-4, -9, 0.648370153121
-4, -8, 0.714038569543
-4, -7, 0.920031426247
-4, -6, 0.953943019008
-4, -5, 0.966561206246
-4, -4, 0.971871323791
-4, -3, 0.977286649005
-4, -2, 0.98154543512
-4, -1, 0.984542584891
-4, 0, 0.987381702017
-4, 1, 0.989221594125
-4, 2, 0.989957744365
-4, 3, 0.989011233752
-3, -15, 0.648370153121
-3, -14, 0.648370153121
-3, -13, 0.648370153121
-3, -12, 0.648370153121
-3, -11, 0.648370153121
-3, -10, 0.648370153121
-3, -9, 0.714511672807
-3, -8, 0.919978822355
-3, -7, 0.954100747715
-3, -6, 0.966561206246
-3, -5, 0.971818775184
-3, -4, 0.976655761749
-3, -3, 0.980861888772
-3, -2, 0.984700230713
-3, -1, 0.987959957694
-3, 0, 0.990273201807
-3, 1, 0.991429851478
-3, 2, 0.99174530892
-3, 3, 0.990851402229
-2, -15, 0.648370153121
-2, -14, 0.648370153121
-2, -13, 0.648370153121
-2, -12, 0.648370153121
-2, -11, 0.648370153121
-2, -10, 0.714616825278
-2, -9, 0.920083947198
-2, -8, 0.954100747715
-2, -7, 0.966561206246
-2, -6, 0.971818775184
-2, -5, 0.976392908199
-2, -4, 0.980704270607
-2, -3, 0.98433214175
-2, -2, 0.988117797
-2, -1, 0.990220736142
-2, 0, 0.992428800069
-2, 1, 0.993059770268
-2, 2, 0.992902069189
-2, 3, 0.992428634184
-1, -15, 0.648370153121
-1, -14, 0.648370153121
-1, -13, 0.648370153121
-1, -12, 0.648370153121
-1, -11, 0.714616825278
-1, -10, 0.920083947198
-1, -9, 0.953995595214
-1, -8, 0.966508602383
-1, -7, 0.971818775184
-1, -6, 0.976235151835
-1, -5, 0.98070435355
-1, -4, 0.984226933964
-1, -3, 0.988117907513
-1, -2, 0.990325833328
-1, -1, 0.99237638966
-1, 0, 0.993532956446
-1, 1, 0.994321765893
-1, 2, 0.994006197938
-1, 3, 0.993953759901
0, -15, 0.648370153121
0, -14, 0.648370153121
0, -13, 0.648370153121
0, -12, 0.714827185535
0, -11, 0.920189099669
0, -10, 0.954048171479
0, -9, 0.966456053775
0, -8, 0.971818775184
0, -7, 0.976077423129
0, -6, 0.980441499942
0, -5, 0.983701199179
0, -4, 0.988117935199
0, -3, 0.990168298076
0, -2, 0.992481652702
0, -1, 0.993848524488
0, 0, 0.99490013217
0, 1, 0.995268082964
0, 2, 0.99532085277
0, 3, 0.99495284672
1, -15, 0.648370153121
1, -14, 0.648370153121
1, -13, 0.71487976177
1, -12, 0.920136523433
1, -11, 0.953995622872
1, -10, 0.966508630011
1, -9, 0.971818775184
1, -8, 0.975972298286
1, -7, 0.980494103835
1, -6, 0.983385824708
1, -5, 0.987802560699
1, -4, 0.98990555501
1, -3, 0.992166167631
1, -2, 0.993848552116
1, -1, 0.995110381856
1, 0, 0.995688831192
1, 1, 0.996004399176
1, 2, 0.996372349911
1, 3, 0.99542603284
2, -15, 0.648370153121
2, -14, 0.71487976177
2, -13, 0.920136523433
2, -12, 0.953943046636
2, -11, 0.966508602383
2, -10, 0.971818775184
2, -9, 0.975972298286
2, -8, 0.980494076177
2, -7, 0.983385824708
2, -6, 0.987329236293
2, -5, 0.989484862154
2, -4, 0.992113646623
2, -3, 0.994006253195
2, -2, 0.995320686886
2, -1, 0.995846615155
2, 0, 0.996319801333
2, 1, 0.997055730461
2, 2, 0.996687779696
2, 3, 0.995478664332
3, -15, 0.714827157878
3, -14, 0.920136523433
3, -13, 0.953995622872
3, -12, 0.966561178618
3, -11, 0.971871351419
3, -10, 0.975972298286
3, -9, 0.980388923706
3, -8, 0.983385852336
3, -7, 0.986803418566
3, -6, 0.989432285919
3, -5, 0.991798161494
3, -4, 0.993848441516
3, -3, 0.995162902836
3, -2, 0.995793983576
3, -1, 0.996424898519
3, 0, 0.99705573049
3, 1, 0.997213376283
3, 2, 0.997003181853
3, 3, 0.995794094117
4, -15, 0.920136523433
4, -14, 0.953995622872
4, -13, 0.966561178618
4, -12, 0.971818775184
4, -11, 0.975972298286
4, -10, 0.980388923706
4, -9, 0.983491032464
4, -8, 0.98675084233
4, -7, 0.989222008605
4, -6, 0.991272426738
4, -5, 0.99353303933
4, -4, 0.995057695079
4, -3, 0.99621456589
4, -2, 0.996845480804
4, -1, 0.997266118374
4, 0, 0.997160965903
4, 1, 0.997739194011
4, 2, 0.996792987453
4, 3, 0.996161989626
5, -15, 0.953995622872
5, -14, 0.966561178618
5, -13, 0.971818775184
5, -12, 0.975972298286
5, -11, 0.980441499942
5, -10, 0.983491032464
5, -9, 0.986540537359
5, -8, 0.989169432369
5, -7, 0.991114780945
5, -6, 0.993165143793
5, -5, 0.994794841501
5, -4, 0.996319746048
5, -3, 0.996898001783
5, -2, 0.99768667309
5, -1, 0.997581520561
5, 0, 0.997896895061
5, 1, 0.997686562461
5, 2, 0.99700309894
5, 3, 0.996582571969
6, -15, 0.966456053775
6, -14, 0.971818775184
6, -13, 0.975972298286
6, -12, 0.980441499942
6, -11, 0.983491032464
6, -10, 0.986540537359
6, -9, 0.989222036262
6, -8, 0.990956996953
6, -7, 0.992692068185
6, -6, 0.994847583592
6, -5, 0.996214510605
6, -4, 0.996950550362
6, -3, 0.997686673061
6, -2, 0.998002130503
6, -1, 0.998002158131
6, 0, 0.998370025982
6, 1, 0.997686645346
6, 2, 0.997108223754
6, 3, 0.99626719744
7, -15, 0.971818775184
7, -14, 0.975972298286
7, -13, 0.980388923706
7, -12, 0.983491032464
7, -11, 0.986487933466
7, -10, 0.989222036262
7, -9, 0.990851844482
7, -8, 0.992534311821
7, -7, 0.994689882513
7, -6, 0.996161906741
7, -5, 0.996792876911
7, -4, 0.99763404154
7, -3, 0.997896950375
7, -2, 0.998317615603
7, -1, 0.998527810003
7, 0, 0.998475371966
7, 1, 0.997791908445
7, 2, 0.997213459197
7, 3, 0.996004288576
8, -15, 0.975972298286
8, -14, 0.980388923706
8, -13, 0.983491032464
8, -12, 0.986487933466
8, -11, 0.989169460026
8, -10, 0.990851844482
8, -9, 0.992481735586
8, -8, 0.994584674728
8, -7, 0.995741296799
8, -6, 0.996898001725
8, -5, 0.997633986255
8, -4, 0.99800204759
8, -3, 0.998317615603
8, -2, 0.998580413838
8, -1, 0.998843405615
8, 0, 0.998422740416
8, 1, 0.997897033259
8, 2, 0.996845259692
8, 3, 0.996109496332
9, -15, 0.980388923706
9, -14, 0.983491032464
9, -13, 0.986487933466
9, -12, 0.989064307555
9, -11, 0.990851844482
9, -10, 0.992376555458
9, -9, 0.994374425042
9, -8, 0.995636171956
9, -7, 0.996845453118
9, -6, 0.997476285118
9, -5, 0.997949471354
9, -4, 0.998422712788
9, -3, 0.998790774123
9, -2, 0.998895926565
9, -1, 0.998790857008
9, 0, 0.998212463102
9, 1, 0.998002047532
9, 2, 0.996845232064
9, 3, 0.996109496332
10, -15, 0.983491032464
10, -14, 0.986487933466
10, -13, 0.989116883791
10, -12, 0.990799295874
10, -11, 0.992323979222
10, -10, 0.994479549914
10, -9, 0.995373318406
10, -8, 0.996792876853
10, -7, 0.997581492874
10, -6, 0.998107227718
10, -5, 0.998422740446
10, -4, 0.998790774123
10, -3, 0.999053627673
10, -2, 0.998948530458
10, -1, 0.998527837602
10, 0, 0.998264956396
10, 1, 0.997633903283
10, 2, 0.9968978083
10, 3, 0.996109496332
11, -15, 0.986435357231
11, -14, 0.989116883791
11, -13, 0.990904420717
11, -12, 0.992376583115
11, -11, 0.994374425071
11, -10, 0.995320742171
11, -9, 0.996582599539
11, -8, 0.997423764139
11, -7, 0.997896922718
11, -6, 0.998580441524
11, -5, 0.998738197888
11, -4, 0.999106203909
11, -3, 0.999158724859
11, -2, 0.998632990073
11, -1, 0.998633017702
11, 0, 0.99868556628
11, 1, 0.998001964647
11, 2, 0.9968978083
11, 3, 0.996109496332
12, -15, 0.989011731319
12, -14, 0.990799268246
12, -13, 0.992324006879
12, -12, 0.994374425071
12, -11, 0.995320769799
12, -10, 0.996530023303
12, -9, 0.997266090688
12, -8, 0.997844346482
12, -7, 0.998580469152
12, -6, 0.998685621623
12, -5, 0.999053627673
12, -4, 0.999211328752
12, -3, 0.999001051408
12, -2, 0.999053517074
12, -1, 0.998843295016
12, 0, 0.998633017672
12, 1, 0.998001964647
12, 2, 0.9968978083
12, 3, 0.996109496332
13, -15, 0.990746719639
13, -14, 0.992324006879
13, -13, 0.99432179355
13, -12, 0.995268221191
13, -11, 0.99642489846
13, -10, 0.997213459167
13, -9, 0.997739304523
13, -8, 0.998370136524
13, -7, 0.998790774123
13, -6, 0.99900102378
13, -5, 0.999263932644
13, -4, 0.999263904987
13, -3, 0.999000968466
13, -2, 0.999106120937
13, -1, 0.999000996065
13, 0, 0.998632962387
13, 1, 0.998001964647
13, 2, 0.9968978083
13, 3, 0.996109496332
14, -15, 0.992376610772
14, -14, 0.994321821178
14, -13, 0.995320769799
14, -12, 0.99642489846
14, -11, 0.997160855275
14, -10, 0.997844457024
14, -9, 0.998264928738
14, -8, 0.998895898937
14, -7, 0.998948475173
14, -6, 0.999106231537
14, -5, 0.999421661351
14, -4, 0.99931650888
14, -3, 0.999263877301
14, -2, 0.998948392201
14, -1, 0.999000968408
14, 0, 0.998632962387
14, 1, 0.998001964647
14, 2, 0.9968978083
14, 3, 0.996109496332
15, -15, 0.994269272571
15, -14, 0.995268193563
15, -13, 0.996319745989
15, -12, 0.997160882932
15, -11, 0.997791853131
15, -10, 0.998264984024
15, -9, 0.998843322702
15, -8, 0.998948502801
15, -7, 0.999158780115
15, -6, 0.99931650888
15, -5, 0.999421689008
15, -4, 0.999421661351
15, -3, 0.99921135638
15, -2, 0.999000885495
15, -1, 0.999000968408
15, 0, 0.998632962387
15, 1, 0.998001964647
15, 2, 0.9968978083
15, 3, 0.996109496332
