-5, -15, 0.9
-5, -14, 0.9
-5, -13, 0.9
-5, -12, 0.9
-5, -11, 0.9
-5, -10, 0.9
-5, -9, 0.9
-5, -8, 0.9
-5, -7, 0.9
-5, -6, 0.9
-5, -5, 0.9
-5, -4, 0.9
-5, -3, 0.9
-5, -2, 0.9
-5, -1, 0.9
-5, 0, 0.9
-5, 1, 0.9985
-5, 2, 0.9985
-5, 3, 0.9985
-4, -15, 0.9
-4, -14, 0.9
-4, -13, 0.9
-4, -12, 0.9
-4, -11, 0.9
-4, -10, 0.9
-4, -9, 0.9
-4, -8, 0.9
-4, -7, 0.9
-4, -6, 0.9
-4, -5, 0.9
-4, -4, 0.9
-4, -3, 0.9
-4, -2, 0.9
-4, -1, 0.9
-4, 0, 0.9985
-4, 1, 0.9985
-4, 2, 0.9985
-4, 3, 0.9985
-3, -15, 0.9
-3, -14, 0.9
-3, -13, 0.9
-3, -12, 0.9
-3, -11, 0.9
-3, -10, 0.9
-3, -9, 0.9
-3, -8, 0.9
-3, -7, 0.9
-3, -6, 0.9
-3, -5, 0.9
-3, -4, 0.9
-3, -3, 0.9
-3, -2, 0.9
-3, -1, 0.9985
-3, 0, 0.9985
-3, 1, 0.9985
-3, 2, 0.9985
-3, 3, 0.9985
-2, -15, 0.9
-2, -14, 0.9
-2, -13, 0.9
-2, -12, 0.9
-2, -11, 0.9
-2, -10, 0.9
-2, -9, 0.9
-2, -8, 0.9
-2, -7, 0.9
-2, -6, 0.9
-2, -5, 0.9
-2, -4, 0.9
-2, -3, 0.9
-2, -2, 0.9985
-2, -1, 0.9985
-2, 0, 0.9985
-2, 1, 0.9985
-2, 2, 0.9985
-2, 3, 0.9985
-1, -15, 0.9
-1, -14, 0.9
-1, -13, 0.9
-1, -12, 0.9
-1, -11, 0.9
-1, -10, 0.9
-1, -9, 0.9
-1, -8, 0.9
-1, -7, 0.9
-1, -6, 0.9
-1, -5, 0.9
-1, -4, 0.9
-1, -3, 0.9985
-1, -2, 0.9985
-1, -1, 0.9985
-1, 0, 0.9985
-1, 1, 0.9985
-1, 2, 0.9985
-1, 3, 0.9985
0, -15, 0.9
0, -14, 0.9
0, -13, 0.9
0, -12, 0.9
0, -11, 0.9
0, -10, 0.9
0, -9, 0.9
0, -8, 0.9
0, -7, 0.9
0, -6, 0.9
0, -5, 0.9
0, -4, 0.9985
0, -3, 0.9985
0, -2, 0.9985
0, -1, 0.9985
0, 0, 0.9985
0, 1, 0.9985
0, 2, 0.9985
0, 3, 0.9985
1, -15, 0.9
1, -14, 0.9
1, -13, 0.9
1, -12, 0.9
1, -11, 0.9
1, -10, 0.9
1, -9, 0.9
1, -8, 0.9
1, -7, 0.9
1, -6, 0.9
1, -5, 0.9985
1, -4, 0.9985
1, -3, 0.9985
1, -2, 0.9985
1, -1, 0.9985
1, 0, 0.9985
1, 1, 0.9985
1, 2, 0.9985
1, 3, 0.9985
2, -15, 0.9
2, -14, 0.9
2, -13, 0.9
2, -12, 0.9
2, -11, 0.9
2, -10, 0.9
2, -9, 0.9
2, -8, 0.9
2, -7, 0.9
2, -6, 0.9985
2, -5, 0.9985
2, -4, 0.9985
2, -3, 0.9985
2, -2, 0.9985
2, -1, 0.9985
2, 0, 0.9985
2, 1, 0.9985
2, 2, 0.9985
2, 3, 0.9985
3, -15, 0.9
3, -14, 0.9
3, -13, 0.9
3, -12, 0.9
3, -11, 0.9
3, -10, 0.9
3, -9, 0.9
3, -8, 0.9
3, -7, 0.9985
3, -6, 0.9985
3, -5, 0.9985
3, -4, 0.9985
3, -3, 0.9985
3, -2, 0.9985
3, -1, 0.9985
3, 0, 0.9985
3, 1, 0.9985
3, 2, 0.9985
3, 3, 0.998
4, -15, 0.9
4, -14, 0.9
4, -13, 0.9
4, -12, 0.9
4, -11, 0.9
4, -10, 0.9
4, -9, 0.9
4, -8, 0.9985
4, -7, 0.9985
4, -6, 0.9985
4, -5, 0.9985
4, -4, 0.9985
4, -3, 0.9985
4, -2, 0.9985
4, -1, 0.9985
4, 0, 0.9985
4, 1, 0.9985
4, 2, 0.998
4, 3, 0.998
5, -15, 0.9
5, -14, 0.9
5, -13, 0.9
5, -12, 0.9
5, -11, 0.9
5, -10, 0.9
5, -9, 0.9985
5, -8, 0.9985
5, -7, 0.9985
5, -6, 0.9985
5, -5, 0.9985
5, -4, 0.9985
5, -3, 0.9985
5, -2, 0.9985
5, -1, 0.9985
5, 0, 0.9985
5, 1, 0.998
5, 2, 0.998
5, 3, 0.998
6, -15, 0.9
6, -14, 0.9
6, -13, 0.9
6, -12, 0.9
6, -11, 0.9
6, -10, 0.9985
6, -9, 0.9985
6, -8, 0.9985
6, -7, 0.9985
6, -6, 0.9985
6, -5, 0.9985
6, -4, 0.9985
6, -3, 0.9985
6, -2, 0.9985
6, -1, 0.9985
6, 0, 0.998
6, 1, 0.998
6, 2, 0.998
6, 3, 0.998
7, -15, 0.9
7, -14, 0.9
7, -13, 0.9
7, -12, 0.9
7, -11, 0.9985
7, -10, 0.9985
7, -9, 0.9985
7, -8, 0.9985
7, -7, 0.9985
7, -6, 0.9985
7, -5, 0.9985
7, -4, 0.9985
7, -3, 0.9985
7, -2, 0.9985
7, -1, 0.998
7, 0, 0.998
7, 1, 0.998
7, 2, 0.998
7, 3, 0.998
8, -15, 0.9
8, -14, 0.9
8, -13, 0.9
8, -12, 0.9985
8, -11, 0.9985
8, -10, 0.9985
8, -9, 0.9985
8, -8, 0.9985
8, -7, 0.9985
8, -6, 0.9985
8, -5, 0.9985
8, -4, 0.9985
8, -3, 0.9985
8, -2, 0.998
8, -1, 0.998
8, 0, 0.998
8, 1, 0.998
8, 2, 0.998
8, 3, 0.998
9, -15, 0.9
9, -14, 0.9
9, -13, 0.9985
9, -12, 0.9985
9, -11, 0.9985
9, -10, 0.9985
9, -9, 0.9985
9, -8, 0.9985
9, -7, 0.9985
9, -6, 0.9985
9, -5, 0.9985
9, -4, 0.9985
9, -3, 0.998
9, -2, 0.998
9, -1, 0.9975
9, 0, 0.998
9, 1, 0.998
9, 2, 0.998
9, 3, 0.998
10, -15, 0.9
10, -14, 0.9985
10, -13, 0.9985
10, -12, 0.9985
10, -11, 0.9985
10, -10, 0.9985
10, -9, 0.9985
10, -8, 0.9985
10, -7, 0.9985
10, -6, 0.9985
10, -5, 0.9985
10, -4, 0.9985
10, -3, 0.998
10, -2, 0.9975
10, -1, 0.998
10, 0, 0.998
10, 1, 0.9975
10, 2, 0.9985
10, 3, 0.998
11, -15, 0.9985
11, -14, 0.9985
11, -13, 0.9985
11, -12, 0.9985
11, -11, 0.9985
11, -10, 0.9985
11, -9, 0.9985
11, -8, 0.9985
11, -7, 0.9985
11, -6, 0.9985
11, -5, 0.9985
11, -4, 0.998
11, -3, 0.9975
11, -2, 0.998
11, -1, 0.998
11, 0, 0.998
11, 1, 0.9975
11, 2, 0.998
11, 3, 0.998
12, -15, 0.9985
12, -14, 0.9985
12, -13, 0.9985
12, -12, 0.9985
12, -11, 0.9985
12, -10, 0.9985
12, -9, 0.9985
12, -8, 0.9985
12, -7, 0.9985
12, -6, 0.9985
12, -5, 0.998
12, -4, 0.9975
12, -3, 0.998
12, -2, 0.998
12, -1, 0.998
12, 0, 0.998
12, 1, 0.9975
12, 2, 0.998
12, 3, 0.998
13, -15, 0.9985
13, -14, 0.9985
13, -13, 0.9985
13, -12, 0.9985
13, -11, 0.9985
13, -10, 0.9985
13, -9, 0.9985
13, -8, 0.9985
13, -7, 0.9985
13, -6, 0.998
13, -5, 0.998
13, -4, 0.998
13, -3, 0.998
13, -2, 0.998
13, -1, 0.9985
13, 0, 0.998
13, 1, 0.9975
13, 2, 0.998
13, 3, 0.998
14, -15, 0.9985
14, -14, 0.9985
14, -13, 0.9985
14, -12, 0.9985
14, -11, 0.9985
14, -10, 0.9985
14, -9, 0.9985
14, -8, 0.9985
14, -7, 0.998
14, -6, 0.998
14, -5, 0.998
14, -4, 0.998
14, -3, 0.998
14, -2, 0.998
14, -1, 0.9985
14, 0, 0.998
14, 1, 0.9975
14, 2, 0.998
14, 3, 0.998
15, -15, 0.9985
15, -14, 0.9985
15, -13, 0.9985
15, -12, 0.9985
15, -11, 0.9985
15, -10, 0.9985
15, -9, 0.9985
15, -8, 0.9985
15, -7, 0.998
15, -6, 0.998
15, -5, 0.998
15, -4, 0.9985
15, -3, 0.9985
15, -2, 0.998
15, -1, 0.9975
15, 0, 0.998
15, 1, 0.9975
15, 2, 0.998
15, 3, 0.998
