-5, -15, 0.735714285714
-5, -14, 0.735714285714
-5, -13, 0.735714285714
-5, -12, 0.735714285714
-5, -11, 0.735714285714
-5, -10, 0.735714285714
-5, -9, 0.735714285714
-5, -8, 0.735714285714
-5, -7, 0.735714285714
-5, -6, 0.735714285714
-5, -5, 0.735714285714
-5, -4, 0.735714285714
-5, -3, 0.728571428571
-5, -2, 0.728571428571
-5, -1, 0.714285714286
-5, 0, 0.714285714286
-5, 1, 0.707142857143
-5, 2, 0.707142857143
-5, 3, 0.714285714286
-4, -15, 0.735714285714
-4, -14, 0.735714285714
-4, -13, 0.735714285714
-4, -12, 0.735714285714
-4, -11, 0.735714285714
-4, -10, 0.735714285714
-4, -9, 0.735714285714
-4, -8, 0.735714285714
-4, -7, 0.735714285714
-4, -6, 0.735714285714
-4, -5, 0.735714285714
-4, -4, 0.735714285714
-4, -3, 0.728571428571
-4, -2, 0.728571428571
-4, -1, 0.714285714286
-4, 0, 0.714285714286
-4, 1, 0.707142857143
-4, 2, 0.707142857143
-4, 3, 0.714285714286
-3, -15, 0.735714285714
-3, -14, 0.735714285714
-3, -13, 0.735714285714
-3, -12, 0.735714285714
-3, -11, 0.735714285714
-3, -10, 0.735714285714
-3, -9, 0.735714285714
-3, -8, 0.735714285714
-3, -7, 0.735714285714
-3, -6, 0.735714285714
-3, -5, 0.735714285714
-3, -4, 0.735714285714
-3, -3, 0.728571428571
-3, -2, 0.728571428571
-3, -1, 0.714285714286
-3, 0, 0.714285714286
-3, 1, 0.721428571429
-3, 2, 0.735714285714
-3, 3, 0.721428571429
-2, -15, 0.735714285714
-2, -14, 0.735714285714
-2, -13, 0.735714285714
-2, -12, 0.735714285714
-2, -11, 0.735714285714
-2, -10, 0.735714285714
-2, -9, 0.735714285714
-2, -8, 0.735714285714
-2, -7, 0.735714285714
-2, -6, 0.735714285714
-2, -5, 0.735714285714
-2, -4, 0.735714285714
-2, -3, 0.728571428571
-2, -2, 0.735714285714
-2, -1, 0.75
-2, 0, 0.778571428571
-2, 1, 0.778571428571
-2, 2, 0.807142857143
-2, 3, 0.8
-1, -15, 0.735714285714
-1, -14, 0.735714285714
-1, -13, 0.735714285714
-1, -12, 0.735714285714
-1, -11, 0.735714285714
-1, -10, 0.735714285714
-1, -9, 0.735714285714
-1, -8, 0.735714285714
-1, -7, 0.735714285714
-1, -6, 0.735714285714
-1, -5, 0.735714285714
-1, -4, 0.735714285714
-1, -3, 0.735714285714
-1, -2, 0.771428571429
-1, -1, 0.764285714286
-1, 0, 0.792857142857
-1, 1, 0.792857142857
-1, 2, 0.821428571429
-1, 3, 0.828571428571
0, -15, 0.735714285714
0, -14, 0.735714285714
0, -13, 0.735714285714
0, -12, 0.735714285714
0, -11, 0.735714285714
0, -10, 0.735714285714
0, -9, 0.735714285714
0, -8, 0.735714285714
0, -7, 0.735714285714
0, -6, 0.735714285714
0, -5, 0.735714285714
0, -4, 0.735714285714
0, -3, 0.757142857143
0, -2, 0.764285714286
0, -1, 0.792857142857
0, 0, 0.792857142857
0, 1, 0.835714285714
0, 2, 0.821428571429
0, 3, 0.821428571429
1, -15, 0.735714285714
1, -14, 0.735714285714
1, -13, 0.735714285714
1, -12, 0.735714285714
1, -11, 0.735714285714
1, -10, 0.735714285714
1, -9, 0.735714285714
1, -8, 0.735714285714
1, -7, 0.735714285714
1, -6, 0.735714285714
1, -5, 0.742857142857
1, -4, 0.757142857143
1, -3, 0.764285714286
1, -2, 0.778571428571
1, -1, 0.8
1, 0, 0.835714285714
1, 1, 0.828571428571
1, 2, 0.814285714286
1, 3, 0.807142857143
2, -15, 0.735714285714
2, -14, 0.735714285714
2, -13, 0.735714285714
2, -12, 0.735714285714
2, -11, 0.735714285714
2, -10, 0.735714285714
2, -9, 0.735714285714
2, -8, 0.735714285714
2, -7, 0.735714285714
2, -6, 0.742857142857
2, -5, 0.757142857143
2, -4, 0.757142857143
2, -3, 0.771428571429
2, -2, 0.8
2, -1, 0.814285714286
2, 0, 0.828571428571
2, 1, 0.828571428571
2, 2, 0.8
2, 3, 0.785714285714
3, -15, 0.735714285714
3, -14, 0.735714285714
3, -13, 0.735714285714
3, -12, 0.735714285714
3, -11, 0.735714285714
3, -10, 0.735714285714
3, -9, 0.735714285714
3, -8, 0.735714285714
3, -7, 0.742857142857
3, -6, 0.757142857143
3, -5, 0.757142857143
3, -4, 0.771428571429
3, -3, 0.792857142857
3, -2, 0.8
3, -1, 0.835714285714
3, 0, 0.828571428571
3, 1, 0.807142857143
3, 2, 0.785714285714
3, 3, 0.778571428571
4, -15, 0.735714285714
4, -14, 0.735714285714
4, -13, 0.735714285714
4, -12, 0.735714285714
4, -11, 0.735714285714
4, -10, 0.735714285714
4, -9, 0.735714285714
4, -8, 0.742857142857
4, -7, 0.757142857143
4, -6, 0.75
4, -5, 0.771428571429
4, -4, 0.792857142857
4, -3, 0.8
4, -2, 0.835714285714
4, -1, 0.828571428571
4, 0, 0.821428571429
4, 1, 0.785714285714
4, 2, 0.785714285714
4, 3, 0.764285714286
5, -15, 0.735714285714
5, -14, 0.735714285714
5, -13, 0.735714285714
5, -12, 0.735714285714
5, -11, 0.735714285714
5, -10, 0.735714285714
5, -9, 0.742857142857
5, -8, 0.757142857143
5, -7, 0.75
5, -6, 0.771428571429
5, -5, 0.792857142857
5, -4, 0.792857142857
5, -3, 0.792857142857
5, -2, 0.828571428571
5, -1, 0.821428571429
5, 0, 0.8
5, 1, 0.785714285714
5, 2, 0.764285714286
5, 3, 0.75
6, -15, 0.735714285714
6, -14, 0.735714285714
6, -13, 0.735714285714
6, -12, 0.735714285714
6, -11, 0.735714285714
6, -10, 0.742857142857
6, -9, 0.757142857143
6, -8, 0.75
6, -7, 0.771428571429
6, -6, 0.792857142857
6, -5, 0.792857142857
6, -4, 0.8
6, -3, 0.835714285714
6, -2, 0.835714285714
6, -1, 0.821428571429
6, 0, 0.792857142857
6, 1, 0.778571428571
6, 2, 0.757142857143
6, 3, 0.742857142857
7, -15, 0.735714285714
7, -14, 0.735714285714
7, -13, 0.735714285714
7, -12, 0.735714285714
7, -11, 0.742857142857
7, -10, 0.757142857143
7, -9, 0.75
7, -8, 0.771428571429
7, -7, 0.792857142857
7, -6, 0.792857142857
7, -5, 0.792857142857
7, -4, 0.807142857143
7, -3, 0.828571428571
7, -2, 0.821428571429
7, -1, 0.8
7, 0, 0.785714285714
7, 1, 0.764285714286
7, 2, 0.757142857143
7, 3, 0.735714285714
8, -15, 0.735714285714
8, -14, 0.735714285714
8, -13, 0.735714285714
8, -12, 0.742857142857
8, -11, 0.757142857143
8, -10, 0.75
8, -9, 0.771428571429
8, -8, 0.792857142857
8, -7, 0.792857142857
8, -6, 0.792857142857
8, -5, 0.8
8, -4, 0.835714285714
8, -3, 0.828571428571
8, -2, 0.821428571429
8, -1, 0.792857142857
8, 0, 0.778571428571
8, 1, 0.757142857143
8, 2, 0.742857142857
8, 3, 0.735714285714
9, -15, 0.735714285714
9, -14, 0.735714285714
9, -13, 0.742857142857
9, -12, 0.757142857143
9, -11, 0.75
9, -10, 0.771428571429
9, -9, 0.792857142857
9, -8, 0.792857142857
9, -7, 0.792857142857
9, -6, 0.792857142857
9, -5, 0.814285714286
9, -4, 0.828571428571
9, -3, 0.821428571429
9, -2, 0.8
9, -1, 0.785714285714
9, 0, 0.75
9, 1, 0.757142857143
9, 2, 0.735714285714
9, 3, 0.757142857143
10, -15, 0.735714285714
10, -14, 0.742857142857
10, -13, 0.757142857143
10, -12, 0.75
10, -11, 0.771428571429
10, -10, 0.792857142857
10, -9, 0.792857142857
10, -8, 0.792857142857
10, -7, 0.792857142857
10, -6, 0.807142857143
10, -5, 0.835714285714
10, -4, 0.828571428571
10, -3, 0.821428571429
10, -2, 0.792857142857
10, -1, 0.764285714286
10, 0, 0.75
10, 1, 0.742857142857
10, 2, 0.735714285714
10, 3, 0.742857142857
11, -15, 0.742857142857
11, -14, 0.757142857143
11, -13, 0.75
11, -12, 0.771428571429
11, -11, 0.792857142857
11, -10, 0.792857142857
11, -9, 0.792857142857
11, -8, 0.792857142857
11, -7, 0.792857142857
11, -6, 0.814285714286
11, -5, 0.835714285714
11, -4, 0.821428571429
11, -3, 0.8
11, -2, 0.771428571429
11, -1, 0.75
11, 0, 0.735714285714
11, 1, 0.742857142857
11, 2, 0.75
11, 3, 0.728571428571
12, -15, 0.757142857143
12, -14, 0.75
12, -13, 0.771428571429
12, -12, 0.792857142857
12, -11, 0.792857142857
12, -10, 0.792857142857
12, -9, 0.792857142857
12, -8, 0.792857142857
12, -7, 0.807142857143
12, -6, 0.835714285714
12, -5, 0.828571428571
12, -4, 0.821428571429
12, -3, 0.785714285714
12, -2, 0.757142857143
12, -1, 0.75
12, 0, 0.75
12, 1, 0.735714285714
12, 2, 0.75
12, 3, 0.7
13, -15, 0.75
13, -14, 0.771428571429
13, -13, 0.792857142857
13, -12, 0.792857142857
13, -11, 0.792857142857
13, -10, 0.792857142857
13, -9, 0.792857142857
13, -8, 0.792857142857
13, -7, 0.814285714286
13, -6, 0.835714285714
13, -5, 0.821428571429
13, -4, 0.807142857143
13, -3, 0.757142857143
13, -2, 0.75
13, -1, 0.728571428571
13, 0, 0.75
13, 1, 0.742857142857
13, 2, 0.735714285714
13, 3, 0.707142857143
14, -15, 0.771428571429
14, -14, 0.792857142857
14, -13, 0.792857142857
14, -12, 0.792857142857
14, -11, 0.792857142857
14, -10, 0.792857142857
14, -9, 0.792857142857
14, -8, 0.807142857143
14, -7, 0.835714285714
14, -6, 0.828571428571
14, -5, 0.821428571429
14, -4, 0.778571428571
14, -3, 0.742857142857
14, -2, 0.742857142857
14, -1, 0.728571428571
14, 0, 0.742857142857
14, 1, 0.742857142857
14, 2, 0.707142857143
14, 3, 0.7
15, -15, 0.792857142857
15, -14, 0.792857142857
15, -13, 0.792857142857
15, -12, 0.792857142857
15, -11, 0.792857142857
15, -10, 0.792857142857
15, -9, 0.792857142857
15, -8, 0.821428571429
15, -7, 0.828571428571
15, -6, 0.821428571429
15, -5, 0.807142857143
15, -4, 0.757142857143
15, -3, 0.757142857143
15, -2, 0.728571428571
15, -1, 0.75
15, 0, 0.75
15, 1, 0.728571428571
15, 2, 0.707142857143
15, 3, 0.714285714286
