-5, -15, 0.504448696484
-5, -14, 0.504448696484
-5, -13, 0.504448696484
-5, -12, 0.504448696484
-5, -11, 0.504448696484
-5, -10, 0.504448696484
-5, -9, 0.504448696484
-5, -8, 0.504448696484
-5, -7, 0.504448696484
-5, -6, 0.504448696484
-5, -5, 0.504448696484
-5, -4, 0.504448696484
-5, -3, 0.504448696484
-5, -2, 0.504448696484
-5, -1, 0.504448696484
-5, 0, 0.504448696484
-5, 1, 0.504448696484
-5, 2, 0.504448696484
-5, 3, 0.504448696484
-4, -15, 0.504448696484
-4, -14, 0.504448696484
-4, -13, 0.504448696484
-4, -12, 0.504448696484
-4, -11, 0.504448696484
-4, -10, 0.504448696484
-4, -9, 0.504448696484
-4, -8, 0.504448696484
-4, -7, 0.504448696484
-4, -6, 0.504448696484
-4, -5, 0.504448696484
-4, -4, 0.504448696484
-4, -3, 0.504448696484
-4, -2, 0.504448696484
-4, -1, 0.504448696484
-4, 0, 0.504448696484
-4, 1, 0.504448696484
-4, 2, 0.504448696484
-4, 3, 0.504448696484
-3, -15, 0.504448696484
-3, -14, 0.504448696484
-3, -13, 0.504448696484
-3, -12, 0.504448696484
-3, -11, 0.504448696484
-3, -10, 0.504448696484
-3, -9, 0.504448696484
-3, -8, 0.504448696484
-3, -7, 0.504448696484
-3, -6, 0.504448696484
-3, -5, 0.504448696484
-3, -4, 0.504448696484
-3, -3, 0.504448696484
-3, -2, 0.504448696484
-3, -1, 0.504448696484
-3, 0, 0.504448696484
-3, 1, 0.504448696484
-3, 2, 0.504448696484
-3, 3, 0.504448696484
-2, -15, 0.504448696484
-2, -14, 0.504448696484
-2, -13, 0.504448696484
-2, -12, 0.504448696484
-2, -11, 0.504448696484
-2, -10, 0.504448696484
-2, -9, 0.504448696484
-2, -8, 0.504448696484
-2, -7, 0.504448696484
-2, -6, 0.504448696484
-2, -5, 0.504448696484
-2, -4, 0.500908873475
-2, -3, 0.479590209679
-2, -2, 0.479622099976
-2, -1, 0.504448696484
-2, 0, 0.504448696484
-2, 1, 0.504448696484
-2, 2, 0.504448696484
-2, 3, 0.504448696484
-1, -15, 0.504448696484
-1, -14, 0.504448696484
-1, -13, 0.504448696484
-1, -12, 0.504448696484
-1, -11, 0.504448696484
-1, -10, 0.504448696484
-1, -9, 0.504448696484
-1, -8, 0.504448696484
-1, -7, 0.504448696484
-1, -6, 0.504448696484
-1, -5, 0.489388503548
-1, -4, 0.435103244838
-1, -3, 0.370007175317
-1, -2, 0.305118392729
-1, -1, 0.329219484972
-1, 0, 0.509001036435
-1, 1, 0.568548194212
-1, 2, 0.568548194212
-1, 3, 0.568548194212
0, -15, 0.504448696484
0, -14, 0.504448696484
0, -13, 0.504448696484
0, -12, 0.504448696484
0, -11, 0.504448696484
0, -10, 0.504448696484
0, -9, 0.504448696484
0, -8, 0.504448696484
0, -7, 0.504448696484
0, -6, 0.482276967233
0, -5, 0.414557920753
0, -4, 0.379032129475
0, -3, 0.302447580324
0, -2, 0.248194211911
0, -1, 0.274081160807
0, 0, 0.441281989955
0, 1, 0.576433070238
0, 2, 0.567599457865
0, 3, 0.567599457865
1, -15, 0.504448696484
1, -14, 0.504448696484
1, -13, 0.504448696484
1, -12, 0.504448696484
1, -11, 0.504448696484
1, -10, 0.504448696484
1, -9, 0.504448696484
1, -8, 0.504448696484
1, -7, 0.478641473332
1, -6, 0.435876584549
1, -5, 0.403117276569
1, -4, 0.340660129156
1, -3, 0.273100534162
1, -2, 0.221565813601
1, -1, 0.543594036514
1, 0, 0.782037790002
1, 1, 0.642916367695
1, 2, 0.571139280874
1, 3, 0.563174679104
2, -15, 0.504448696484
2, -14, 0.504448696484
2, -13, 0.504448696484
2, -12, 0.504448696484
2, -11, 0.504448696484
2, -10, 0.504448696484
2, -9, 0.504448696484
2, -8, 0.471529937017
2, -7, 0.437646496054
2, -6, 0.405788088974
2, -5, 0.385258710037
2, -4, 0.311344973292
2, -3, 0.242015466794
2, -2, 0.242127082835
2, -1, 0.950171410348
2, 0, 0.782037790002
2, 1, 0.642916367695
2, 2, 0.571139280874
2, 3, 0.563174679104
3, -15, 0.504448696484
3, -14, 0.504448696484
3, -13, 0.504448696484
3, -12, 0.504448696484
3, -11, 0.504448696484
3, -10, 0.504448696484
3, -9, 0.467990114008
3, -8, 0.44474208722
3, -7, 0.409280076537
3, -6, 0.409248186239
3, -5, 0.339791118552
3, -4, 0.293661803396
3, -3, 0.232169337479
3, -2, 0.395941959659
3, -1, 0.951941321853
3, 0, 0.782037790002
3, 1, 0.642916367695
3, 2, 0.571139280874
3, 3, 0.563174679104
4, -15, 0.504448696484
4, -14, 0.504448696484
4, -13, 0.504448696484
4, -12, 0.504448696484
4, -11, 0.504448696484
4, -10, 0.467990114008
4, -9, 0.446511998724
4, -8, 0.415570437694
4, -7, 0.422650083712
4, -6, 0.388734752452
4, -5, 0.327369847724
4, -4, 0.273068643865
4, -3, 0.211847245476
4, -2, 0.98133620346
4, -1, 0.951941321853
4, 0, 0.782037790002
4, 1, 0.642916367695
4, 2, 0.571139280874
4, 3, 0.563174679104
5, -15, 0.504448696484
5, -14, 0.504448696484
5, -13, 0.504448696484
5, -12, 0.504448696484
5, -11, 0.466220202503
5, -10, 0.447396954477
5, -9, 0.418257195248
5, -8, 0.430630630631
5, -7, 0.423566929762
5, -6, 0.343378777007
5, -5, 0.317603444152
5, -4, 0.251686199474
5, -3, 0.223415450849
5, -2, 0.998198198198
5, -1, 0.951941321853
5, 0, 0.782037790002
5, 1, 0.642916367695
5, 2, 0.571139280874
5, 3, 0.563174679104
6, -15, 0.504448696484
6, -14, 0.504448696484
6, -13, 0.504448696484
6, -12, 0.466220202503
6, -11, 0.44918281113
6, -10, 0.42005899705
6, -9, 0.435940365144
6, -8, 0.436004145739
6, -7, 0.385131148848
6, -6, 0.334481384039
6, -5, 0.305214063621
6, -4, 0.240277445587
6, -3, 0.300757394563
6, -2, 0.998198198198
6, -1, 0.951941321853
6, 0, 0.782037790002
6, 1, 0.642916367695
6, 2, 0.571139280874
6, 3, 0.563174679104
7, -15, 0.504448696484
7, -14, 0.504448696484
7, -13, 0.466220202503
7, -12, 0.450067766882
7, -11, 0.420959897951
7, -10, 0.435940365144
7, -9, 0.439543968748
7, -8, 0.428924499721
7, -7, 0.35052220362
7, -6, 0.33982300885
7, -5, 0.285426134099
7, -4, 0.22602248266
7, -3, 0.787459140556
7, -2, 0.998198198198
7, -1, 0.951941321853
7, 0, 0.782037790002
7, 1, 0.642916367695
7, 2, 0.571139280874
7, 3, 0.563174679104
8, -15, 0.504448696484
8, -14, 0.467121103404
8, -13, 0.450067766882
8, -12, 0.419189986447
8, -11, 0.435940365144
8, -10, 0.439543968748
8, -9, 0.433349278482
8, -8, 0.386901060352
8, -7, 0.343378777007
8, -6, 0.338053097345
8, -5, 0.260695208483
8, -4, 0.219795902097
8, -3, 1.0
8, -2, 0.998198198198
8, -1, 0.951941321853
8, 0, 0.782037790002
8, 1, 0.642916367695
8, 2, 0.571139280874
8, 3, 0.563174679104
9, -15, 0.467121103404
9, -14, 0.445595152675
9, -13, 0.420959897951
9, -12, 0.436841266045
9, -11, 0.439543968748
9, -10, 0.436004145739
9, -9, 0.428924499721
9, -8, 0.352292115124
9, -7, 0.346033644264
9, -6, 0.325631826517
9, -5, 0.250107629754
9, -4, 0.2233995057
9, -3, 1.0
9, -2, 0.998198198198
9, -1, 0.951941321853
9, 0, 0.782037790002
9, 1, 0.642916367695
9, 2, 0.571139280874
9, 3, 0.563174679104
10, -15, 0.444694251774
10, -14, 0.420074942199
10, -13, 0.435940365144
10, -12, 0.439543968748
10, -11, 0.436004145739
10, -10, 0.434234234234
10, -9, 0.387801961253
10, -8, 0.344279677908
10, -7, 0.353224906322
10, -6, 0.291684604959
10, -5, 0.242996093439
10, -4, 0.291860001595
10, -3, 1.0
10, -2, 0.998198198198
10, -1, 0.951941321853
10, 0, 0.782037790002
10, 1, 0.642916367695
10, 2, 0.571139280874
10, 3, 0.563174679104
11, -15, 0.421844853703
11, -14, 0.435940365144
11, -13, 0.439543968748
11, -12, 0.436004145739
11, -11, 0.436004145739
11, -10, 0.428924499721
11, -9, 0.353208961174
11, -8, 0.354077971777
11, -7, 0.340755800048
11, -6, 0.260711153632
11, -5, 0.237590688033
11, -4, 0.65131148848
11, -3, 1.0
11, -2, 0.998198198198
11, -1, 0.951941321853
11, 0, 0.782037790002
11, 1, 0.642916367695
11, 2, 0.571139280874
11, 3, 0.563174679104
12, -15, 0.437742166946
12, -14, 0.439543968748
12, -13, 0.436004145739
12, -12, 0.436004145739
12, -11, 0.433349278482
12, -10, 0.386901060352
12, -9, 0.351439049669
12, -8, 0.359435541736
12, -7, 0.333612373435
12, -6, 0.256350155465
12, -5, 0.21532328789
12, -4, 1.0
12, -3, 1.0
12, -2, 0.998198198198
12, -1, 0.951941321853
12, 0, 0.782037790002
12, 1, 0.642916367695
12, 2, 0.571139280874
12, 3, 0.563174679104
13, -15, 0.439543968748
13, -14, 0.436004145739
13, -13, 0.436004145739
13, -12, 0.436004145739
13, -11, 0.428924499721
13, -10, 0.355847883282
13, -9, 0.358534640836
13, -8, 0.357665630232
13, -7, 0.29258550586
13, -6, 0.256270429722
13, -5, 0.214502112732
13, -4, 1.0
13, -3, 1.0
13, -2, 0.998198198198
13, -1, 0.951941321853
13, 0, 0.782037790002
13, 1, 0.642916367695
13, 2, 0.571139280874
13, 3, 0.563174679104
14, -15, 0.436004145739
14, -14, 0.436004145739
14, -13, 0.436004145739
14, -12, 0.434234234234
14, -11, 0.383297456749
14, -10, 0.348768237264
14, -9, 0.362058518696
14, -8, 0.35052220362
14, -7, 0.267838635095
14, -6, 0.24650402615
14, -5, 0.25720322092
14, -4, 1.0
14, -3, 1.0
14, -2, 0.998198198198
14, -1, 0.951941321853
14, 0, 0.782037790002
14, 1, 0.642916367695
14, 2, 0.571139280874
14, 3, 0.563174679104
15, -15, 0.436004145739
15, -14, 0.436004145739
15, -13, 0.436004145739
15, -12, 0.428924499721
15, -11, 0.353177070876
15, -10, 0.363892210795
15, -9, 0.372805548912
15, -8, 0.333612373435
15, -7, 0.260790879375
15, -6, 0.238507534083
15, -5, 0.363055090489
15, -4, 1.0
15, -3, 1.0
15, -2, 0.998198198198
15, -1, 0.951941321853
15, 0, 0.782037790002
15, 1, 0.642916367695
15, 2, 0.571139280874
15, 3, 0.563174679104
