-5, -15, 0.67
-5, -14, 0.67
-5, -13, 0.67
-5, -12, 0.67
-5, -11, 0.67
-5, -10, 0.67
-5, -9, 0.67
-5, -8, 0.67
-5, -7, 0.67
-5, -6, 0.67
-5, -5, 0.67
-5, -4, 0.67
-5, -3, 0.67
-5, -2, 0.67
-5, -1, 0.67
-5, 0, 0.67
-5, 1, 0.67
-5, 2, 0.67
-5, 3, 0.67
-4, -15, 0.67
-4, -14, 0.67
-4, -13, 0.67
-4, -12, 0.67
-4, -11, 0.67
-4, -10, 0.67
-4, -9, 0.67
-4, -8, 0.67
-4, -7, 0.67
-4, -6, 0.67
-4, -5, 0.67
-4, -4, 0.67
-4, -3, 0.67
-4, -2, 0.67
-4, -1, 0.67
-4, 0, 0.67
-4, 1, 0.67
-4, 2, 0.67
-4, 3, 0.67
-3, -15, 0.67
-3, -14, 0.67
-3, -13, 0.67
-3, -12, 0.67
-3, -11, 0.67
-3, -10, 0.67
-3, -9, 0.67
-3, -8, 0.67
-3, -7, 0.67
-3, -6, 0.67
-3, -5, 0.67
-3, -4, 0.67
-3, -3, 0.67
-3, -2, 0.67
-3, -1, 0.67
-3, 0, 0.67
-3, 1, 0.67
-3, 2, 0.67
-3, 3, 0.67
-2, -15, 0.67
-2, -14, 0.67
-2, -13, 0.67
-2, -12, 0.67
-2, -11, 0.67
-2, -10, 0.67
-2, -9, 0.67
-2, -8, 0.67
-2, -7, 0.67
-2, -6, 0.67
-2, -5, 0.67
-2, -4, 0.67
-2, -3, 0.67
-2, -2, 0.69
-2, -1, 0.69
-2, 0, 0.67
-2, 1, 0.67
-2, 2, 0.67
-2, 3, 0.67
-1, -15, 0.67
-1, -14, 0.67
-1, -13, 0.67
-1, -12, 0.67
-1, -11, 0.67
-1, -10, 0.67
-1, -9, 0.67
-1, -8, 0.67
-1, -7, 0.67
-1, -6, 0.67
-1, -5, 0.67
-1, -4, 0.67
-1, -3, 0.893333333333
-1, -2, 0.893333333333
-1, -1, 0.868333333333
-1, 0, 0.786666666667
-1, 1, 0.67
-1, 2, 0.67
-1, 3, 0.67
0, -15, 0.67
0, -14, 0.67
0, -13, 0.67
0, -12, 0.67
0, -11, 0.67
0, -10, 0.67
0, -9, 0.67
0, -8, 0.67
0, -7, 0.67
0, -6, 0.67
0, -5, 0.67
0, -4, 0.893333333333
0, -3, 0.868333333333
0, -2, 0.868333333333
0, -1, 0.868333333333
0, 0, 0.848333333333
0, 1, 0.806666666667
0, 2, 0.67
0, 3, 0.67
1, -15, 0.67
1, -14, 0.67
1, -13, 0.67
1, -12, 0.67
1, -11, 0.67
1, -10, 0.67
1, -9, 0.67
1, -8, 0.67
1, -7, 0.67
1, -6, 0.65
1, -5, 0.893333333333
1, -4, 0.868333333333
1, -3, 0.868333333333
1, -2, 0.868333333333
1, -1, 0.868333333333
1, 0, 0.848333333333
1, 1, 0.795
1, 2, 0.67
1, 3, 0.67
2, -15, 0.67
2, -14, 0.67
2, -13, 0.67
2, -12, 0.67
2, -11, 0.67
2, -10, 0.67
2, -9, 0.67
2, -8, 0.67
2, -7, 0.695
2, -6, 0.893333333333
2, -5, 0.868333333333
2, -4, 0.868333333333
2, -3, 0.868333333333
2, -2, 0.868333333333
2, -1, 0.848333333333
2, 0, 0.848333333333
2, 1, 0.795
2, 2, 0.67
2, 3, 0.67
3, -15, 0.67
3, -14, 0.67
3, -13, 0.67
3, -12, 0.67
3, -11, 0.67
3, -10, 0.67
3, -9, 0.67
3, -8, 0.695
3, -7, 0.893333333333
3, -6, 0.868333333333
3, -5, 0.868333333333
3, -4, 0.868333333333
3, -3, 0.868333333333
3, -2, 0.815
3, -1, 0.848333333333
3, 0, 0.848333333333
3, 1, 0.795
3, 2, 0.67
3, 3, 0.67
4, -15, 0.67
4, -14, 0.67
4, -13, 0.67
4, -12, 0.67
4, -11, 0.67
4, -10, 0.67
4, -9, 0.695
4, -8, 0.893333333333
4, -7, 0.868333333333
4, -6, 0.868333333333
4, -5, 0.868333333333
4, -4, 0.868333333333
4, -3, 0.81
4, -2, 0.848333333333
4, -1, 0.848333333333
4, 0, 0.848333333333
4, 1, 0.795
4, 2, 0.67
4, 3, 0.67
5, -15, 0.67
5, -14, 0.67
5, -13, 0.67
5, -12, 0.67
5, -11, 0.67
5, -10, 0.728333333333
5, -9, 0.893333333333
5, -8, 0.868333333333
5, -7, 0.868333333333
5, -6, 0.868333333333
5, -5, 0.868333333333
5, -4, 0.843333333333
5, -3, 0.79
5, -2, 0.848333333333
5, -1, 0.848333333333
5, 0, 0.848333333333
5, 1, 0.795
5, 2, 0.67
5, 3, 0.67
6, -15, 0.67
6, -14, 0.67
6, -13, 0.67
6, -12, 0.67
6, -11, 0.728333333333
6, -10, 0.893333333333
6, -9, 0.868333333333
6, -8, 0.868333333333
6, -7, 0.868333333333
6, -6, 0.868333333333
6, -5, 0.843333333333
6, -4, 0.823333333333
6, -3, 0.79
6, -2, 0.848333333333
6, -1, 0.848333333333
6, 0, 0.848333333333
6, 1, 0.795
6, 2, 0.67
6, 3, 0.67
7, -15, 0.67
7, -14, 0.67
7, -13, 0.67
7, -12, 0.728333333333
7, -11, 0.893333333333
7, -10, 0.868333333333
7, -9, 0.868333333333
7, -8, 0.868333333333
7, -7, 0.868333333333
7, -6, 0.843333333333
7, -5, 0.843333333333
7, -4, 0.823333333333
7, -3, 0.79
7, -2, 0.848333333333
7, -1, 0.848333333333
7, 0, 0.848333333333
7, 1, 0.795
7, 2, 0.67
7, 3, 0.67
8, -15, 0.67
8, -14, 0.67
8, -13, 0.728333333333
8, -12, 0.893333333333
8, -11, 0.868333333333
8, -10, 0.868333333333
8, -9, 0.868333333333
8, -8, 0.868333333333
8, -7, 0.843333333333
8, -6, 0.81
8, -5, 0.843333333333
8, -4, 0.823333333333
8, -3, 0.79
8, -2, 0.848333333333
8, -1, 0.848333333333
8, 0, 0.848333333333
8, 1, 0.795
8, 2, 0.67
8, 3, 0.67
9, -15, 0.67
9, -14, 0.728333333333
9, -13, 0.893333333333
9, -12, 0.868333333333
9, -11, 0.868333333333
9, -10, 0.868333333333
9, -9, 0.868333333333
9, -8, 0.843333333333
9, -7, 0.81
9, -6, 0.843333333333
9, -5, 0.843333333333
9, -4, 0.823333333333
9, -3, 0.79
9, -2, 0.848333333333
9, -1, 0.848333333333
9, 0, 0.848333333333
9, 1, 0.795
9, 2, 0.67
9, 3, 0.67
10, -15, 0.728333333333
10, -14, 0.893333333333
10, -13, 0.868333333333
10, -12, 0.868333333333
10, -11, 0.868333333333
10, -10, 0.835
10, -9, 0.843333333333
10, -8, 0.81
10, -7, 0.843333333333
10, -6, 0.843333333333
10, -5, 0.843333333333
10, -4, 0.823333333333
10, -3, 0.79
10, -2, 0.848333333333
10, -1, 0.848333333333
10, 0, 0.848333333333
10, 1, 0.795
10, 2, 0.67
10, 3, 0.67
11, -15, 0.893333333333
11, -14, 0.868333333333
11, -13, 0.868333333333
11, -12, 0.868333333333
11, -11, 0.835
11, -10, 0.843333333333
11, -9, 0.81
11, -8, 0.843333333333
11, -7, 0.843333333333
11, -6, 0.843333333333
11, -5, 0.843333333333
11, -4, 0.823333333333
11, -3, 0.79
11, -2, 0.848333333333
11, -1, 0.848333333333
11, 0, 0.848333333333
11, 1, 0.795
11, 2, 0.67
11, 3, 0.67
12, -15, 0.868333333333
12, -14, 0.868333333333
12, -13, 0.868333333333
12, -12, 0.835
12, -11, 0.843333333333
12, -10, 0.81
12, -9, 0.843333333333
12, -8, 0.843333333333
12, -7, 0.843333333333
12, -6, 0.843333333333
12, -5, 0.843333333333
12, -4, 0.823333333333
12, -3, 0.79
12, -2, 0.848333333333
12, -1, 0.848333333333
12, 0, 0.848333333333
12, 1, 0.795
12, 2, 0.67
12, 3, 0.67
13, -15, 0.868333333333
13, -14, 0.868333333333
13, -13, 0.835
13, -12, 0.843333333333
13, -11, 0.81
13, -10, 0.843333333333
13, -9, 0.843333333333
13, -8, 0.843333333333
13, -7, 0.843333333333
13, -6, 0.843333333333
13, -5, 0.843333333333
13, -4, 0.823333333333
13, -3, 0.79
13, -2, 0.848333333333
13, -1, 0.848333333333
13, 0, 0.848333333333
13, 1, 0.795
13, 2, 0.67
13, 3, 0.67
14, -15, 0.868333333333
14, -14, 0.835
14, -13, 0.843333333333
14, -12, 0.81
14, -11, 0.843333333333
14, -10, 0.843333333333
14, -9, 0.843333333333
14, -8, 0.843333333333
14, -7, 0.843333333333
14, -6, 0.843333333333
14, -5, 0.843333333333
14, -4, 0.823333333333
14, -3, 0.79
14, -2, 0.848333333333
14, -1, 0.848333333333
14, 0, 0.848333333333
14, 1, 0.795
14, 2, 0.67
14, 3, 0.67
15, -15, 0.835
15, -14, 0.843333333333
15, -13, 0.81
15, -12, 0.843333333333
15, -11, 0.843333333333
15, -10, 0.843333333333
15, -9, 0.843333333333
15, -8, 0.843333333333
15, -7, 0.843333333333
15, -6, 0.843333333333
15, -5, 0.843333333333
15, -4, 0.823333333333
15, -3, 0.79
15, -2, 0.848333333333
15, -1, 0.848333333333
15, 0, 0.848333333333
15, 1, 0.795
15, 2, 0.67
15, 3, 0.67
