-5, -15, 0.875607730684
-5, -14, 0.875607730684
-5, -13, 0.875607730684
-5, -12, 0.875607730684
-5, -11, 0.875607730684
-5, -10, 0.875607730684
-5, -9, 0.875607730684
-5, -8, 0.875607730684
-5, -7, 0.875607730684
-5, -6, 0.875607730684
-5, -5, 0.875607730684
-5, -4, 0.875607730684
-5, -3, 0.875607730684
-5, -2, 0.875607730684
-5, -1, 0.875607730684
-5, 0, 0.875607730684
-5, 1, 0.875607730684
-5, 2, 0.875607730684
-5, 3, 0.875607730684
-4, -15, 0.875607730684
-4, -14, 0.875607730684
-4, -13, 0.875607730684
-4, -12, 0.875607730684
-4, -11, 0.875607730684
-4, -10, 0.875607730684
-4, -9, 0.875607730684
-4, -8, 0.875607730684
-4, -7, 0.875607730684
-4, -6, 0.875607730684
-4, -5, 0.875607730684
-4, -4, 0.875607730684
-4, -3, 0.875607730684
-4, -2, 0.875607730684
-4, -1, 0.875607730684
-4, 0, 0.875607730684
-4, 1, 0.875607730684
-4, 2, 0.875607730684
-4, 3, 0.875607730684
-3, -15, 0.875607730684
-3, -14, 0.875607730684
-3, -13, 0.875607730684
-3, -12, 0.875607730684
-3, -11, 0.875607730684
-3, -10, 0.875607730684
-3, -9, 0.875607730684
-3, -8, 0.875607730684
-3, -7, 0.875607730684
-3, -6, 0.875607730684
-3, -5, 0.875607730684
-3, -4, 0.875607730684
-3, -3, 0.875607730684
-3, -2, 0.875607730684
-3, -1, 0.875607730684
-3, 0, 0.875607730684
-3, 1, 0.875607730684
-3, 2, 0.875607730684
-3, 3, 0.875607730684
-2, -15, 0.875607730684
-2, -14, 0.875607730684
-2, -13, 0.875607730684
-2, -12, 0.875607730684
-2, -11, 0.875607730684
-2, -10, 0.875607730684
-2, -9, 0.875607730684
-2, -8, 0.875607730684
-2, -7, 0.875607730684
-2, -6, 0.875607730684
-2, -5, 0.875607730684
-2, -4, 0.875607730684
-2, -3, 0.875607730684
-2, -2, 0.875607730684
-2, -1, 0.875607730684
-2, 0, 0.875607730684
-2, 1, 0.875607730684
-2, 2, 0.875607730684
-2, 3, 0.875607730684
-1, -15, 0.875607730684
-1, -14, 0.875607730684
-1, -13, 0.875607730684
-1, -12, 0.875607730684
-1, -11, 0.875607730684
-1, -10, 0.875607730684
-1, -9, 0.875607730684
-1, -8, 0.875607730684
-1, -7, 0.875607730684
-1, -6, 0.875607730684
-1, -5, 0.875607730684
-1, -4, 0.875607730684
-1, -3, 0.875607730684
-1, -2, 0.875607730684
-1, -1, 0.875607730684
-1, 0, 0.875607730684
-1, 1, 0.875607730684
-1, 2, 0.875607730684
-1, 3, 0.875607730684
0, -15, 0.875607730684
0, -14, 0.875607730684
0, -13, 0.875607730684
0, -12, 0.875607730684
0, -11, 0.875607730684
0, -10, 0.875607730684
0, -9, 0.875607730684
0, -8, 0.875607730684
0, -7, 0.875607730684
0, -6, 0.875607730684
0, -5, 0.875607730684
0, -4, 0.875607730684
0, -3, 0.875607730684
0, -2, 0.875607730684
0, -1, 0.875607730684
0, 0, 0.875607730684
0, 1, 0.875607730684
0, 2, 0.87562487893
0, 3, 0.876525161876
1, -15, 0.875607730684
1, -14, 0.875607730684
1, -13, 0.875607730684
1, -12, 0.875607730684
1, -11, 0.875607730684
1, -10, 0.875607730684
1, -9, 0.875607730684
1, -8, 0.875607730684
1, -7, 0.875607730684
1, -6, 0.875607730684
1, -5, 0.875607730684
1, -4, 0.875607730684
1, -3, 0.875607730684
1, -2, 0.875607730684
1, -1, 0.875607730684
1, 0, 0.875607730684
1, 1, 0.872838288859
1, 2, 0.871003426474
1, 3, 0.86724796047
2, -15, 0.875607730684
2, -14, 0.875607730684
2, -13, 0.875607730684
2, -12, 0.875607730684
2, -11, 0.875607730684
2, -10, 0.875607730684
2, -9, 0.875607730684
2, -8, 0.875607730684
2, -7, 0.875607730684
2, -6, 0.875607730684
2, -5, 0.875607730684
2, -4, 0.875607730684
2, -3, 0.875607730684
2, -2, 0.875607730684
2, -1, 0.874673151244
2, 0, 0.874690299491
2, 1, 0.871012079987
2, 2, 0.859805621449
2, 3, 0.861683275061
3, -15, 0.875607730684
3, -14, 0.875607730684
3, -13, 0.875607730684
3, -12, 0.875607730684
3, -11, 0.875607730684
3, -10, 0.875607730684
3, -9, 0.875607730684
3, -8, 0.875607730684
3, -7, 0.875607730684
3, -6, 0.875607730684
3, -5, 0.875607730684
3, -4, 0.875607730684
3, -3, 0.875607730684
3, -2, 0.874673151244
3, -1, 0.87190370942
3, 0, 0.873764373565
3, 1, 0.861683433841
3, 2, 0.850554221803
3, 3, 0.853272060108
4, -15, 0.875607730684
4, -14, 0.875607730684
4, -13, 0.875607730684
4, -12, 0.875607730684
4, -11, 0.875607730684
4, -10, 0.875607730684
4, -9, 0.875607730684
4, -8, 0.875607730684
4, -7, 0.875607730684
4, -6, 0.875607730684
4, -5, 0.875607730684
4, -4, 0.875607730684
4, -3, 0.875607730684
4, -2, 0.870951981734
4, -1, 0.87562487893
4, 0, 0.869117119349
4, 1, 0.859874214436
4, 2, 0.849568197624
4, 3, 0.846730004033
5, -15, 0.875607730684
5, -14, 0.875607730684
5, -13, 0.875607730684
5, -12, 0.875607730684
5, -11, 0.875607730684
5, -10, 0.875607730684
5, -9, 0.875607730684
5, -8, 0.875607730684
5, -7, 0.875607730684
5, -6, 0.875607730684
5, -5, 0.875607730684
5, -4, 0.875607730684
5, -3, 0.873738571805
5, -2, 0.872838288859
5, -1, 0.874690299491
5, 0, 0.859814274963
5, 1, 0.850554063023
5, 2, 0.851437197722
5, 3, 0.844903795161
6, -15, 0.875607730684
6, -14, 0.875607730684
6, -13, 0.875607730684
6, -12, 0.875607730684
6, -11, 0.875607730684
6, -10, 0.875607730684
6, -9, 0.875607730684
6, -8, 0.875607730684
6, -7, 0.875607730684
6, -6, 0.875607730684
6, -5, 0.875607730684
6, -4, 0.874673151244
6, -3, 0.870951981734
6, -2, 0.874690299491
6, -1, 0.86355259272
6, 0, 0.858905338503
6, 1, 0.853332158361
6, 2, 0.84214284807
6, 3, 0.839365070292
7, -15, 0.875607730684
7, -14, 0.875607730684
7, -13, 0.875607730684
7, -12, 0.875607730684
7, -11, 0.875607730684
7, -10, 0.875607730684
7, -9, 0.875607730684
7, -8, 0.875607730684
7, -7, 0.875607730684
7, -6, 0.875607730684
7, -5, 0.875607730684
7, -4, 0.872803992366
7, -3, 0.873755720052
7, -2, 0.873772868298
7, -1, 0.862583716787
7, 0, 0.851480147729
7, 1, 0.84963679061
7, 2, 0.842100056843
7, 3, 0.840282501485
8, -15, 0.875607730684
8, -14, 0.875607730684
8, -13, 0.875607730684
8, -12, 0.875607730684
8, -11, 0.875607730684
8, -10, 0.875607730684
8, -9, 0.875607730684
8, -8, 0.875607730684
8, -7, 0.875607730684
8, -6, 0.875607730684
8, -5, 0.872803992366
8, -4, 0.870960635247
8, -3, 0.872838288859
8, -2, 0.861700740868
8, -1, 0.860766002648
8, 0, 0.853349306607
8, 1, 0.842245896329
8, 2, 0.838447480319
8, 3, 0.838396194359
9, -15, 0.875607730684
9, -14, 0.875607730684
9, -13, 0.875607730684
9, -12, 0.875607730684
9, -11, 0.875607730684
9, -10, 0.875607730684
9, -9, 0.875607730684
9, -8, 0.875607730684
9, -7, 0.875607730684
9, -6, 0.874673151244
9, -5, 0.872803992366
9, -4, 0.873755720052
9, -3, 0.873798670058
9, -2, 0.860740359669
9, -1, 0.851446010016
9, 0, 0.845932769347
9, 1, 0.844097906961
9, 2, 0.838421837339
9, 3, 0.842083067377
10, -15, 0.875607730684
10, -14, 0.875607730684
10, -13, 0.875607730684
10, -12, 0.875607730684
10, -11, 0.875607730684
10, -10, 0.875607730684
10, -9, 0.875607730684
10, -8, 0.875607730684
10, -7, 0.874673151244
10, -6, 0.872803992366
10, -5, 0.870960635247
10, -4, 0.871886561173
10, -3, 0.860766161429
10, -2, 0.856101758966
10, -1, 0.852406232435
10, 0, 0.841319811623
10, 1, 0.839416515032
10, 2, 0.833757593656
10, 3, 0.841148487937
11, -15, 0.875607730684
11, -14, 0.875607730684
11, -13, 0.875607730684
11, -12, 0.875607730684
11, -11, 0.875607730684
11, -10, 0.875607730684
11, -9, 0.875607730684
11, -8, 0.875607730684
11, -7, 0.872803992366
11, -6, 0.872803992366
11, -5, 0.871886561173
11, -4, 0.870069005815
11, -3, 0.857945274864
11, -2, 0.856153362485
11, -1, 0.845949758813
11, 0, 0.837641433339
11, 1, 0.825406635736
11, 2, 0.833757593656
11, 3, 0.841148487937
12, -15, 0.875607730684
12, -14, 0.875607730684
12, -13, 0.875607730684
12, -12, 0.875607730684
12, -11, 0.875607730684
12, -10, 0.875607730684
12, -9, 0.875607730684
12, -8, 0.874673151244
12, -7, 0.873738571805
12, -6, 0.871895214687
12, -5, 0.870969129981
12, -4, 0.86261817206
12, -3, 0.861657790861
12, -2, 0.85057168761
12, -1, 0.844132044674
12, 0, 0.841345454603
12, 1, 0.825406635736
12, 2, 0.833757593656
12, 3, 0.841148487937
13, -15, 0.875607730684
13, -14, 0.875607730684
13, -13, 0.875607730684
13, -12, 0.875607730684
13, -11, 0.875607730684
13, -10, 0.875607730684
13, -9, 0.874673151244
13, -8, 0.872803992366
13, -7, 0.872821140612
13, -6, 0.869074328122
13, -5, 0.871003585254
13, -4, 0.858879854303
13, -3, 0.86261817206
13, -2, 0.847784621198
13, -1, 0.834811893262
13, 0, 0.828330253
13, 1, 0.82538948749
13, 2, 0.833757593656
13, 3, 0.841148487937
14, -15, 0.875607730684
14, -14, 0.875607730684
14, -13, 0.875607730684
14, -12, 0.875607730684
14, -11, 0.875607730684
14, -10, 0.874673151244
14, -9, 0.872803992366
14, -8, 0.873738571805
14, -7, 0.87187806644
14, -6, 0.870969129981
14, -5, 0.865421910378
14, -4, 0.861640642615
14, -3, 0.856136214239
14, -2, 0.843129031029
14, -1, 0.837547038593
14, 0, 0.825466575209
14, 1, 0.82538948749
14, 2, 0.833757593656
14, 3, 0.841148487937
15, -15, 0.875607730684
15, -14, 0.875607730684
15, -13, 0.875607730684
15, -12, 0.874673151244
15, -11, 0.874673151244
15, -10, 0.873738571805
15, -9, 0.873738571805
15, -8, 0.871895214687
15, -7, 0.870000254048
15, -6, 0.871921016446
15, -5, 0.861675097888
15, -4, 0.861692246134
15, -3, 0.844998189907
15, -2, 0.839467800991
15, -1, 0.82921322892
15, 0, 0.821711109206
15, 1, 0.82538948749
15, 2, 0.833757593656
15, 3, 0.841148487937
