-5, -15, 0.921366941516
-5, -14, 0.921366941516
-5, -13, 0.921366941516
-5, -12, 0.921366941516
-5, -11, 0.921366941516
-5, -10, 0.921366941516
-5, -9, 0.921366941516
-5, -8, 0.921366941516
-5, -7, 0.921366941516
-5, -6, 0.921366941516
-5, -5, 0.921366941516
-5, -4, 0.921366941516
-5, -3, 0.921366941516
-5, -2, 0.921366941516
-5, -1, 0.921366941516
-5, 0, 0.921366941516
-5, 1, 0.921366941516
-5, 2, 0.921366941516
-5, 3, 0.921366941516
-4, -15, 0.921366941516
-4, -14, 0.921366941516
-4, -13, 0.921366941516
-4, -12, 0.921366941516
-4, -11, 0.921366941516
-4, -10, 0.921366941516
-4, -9, 0.921366941516
-4, -8, 0.921366941516
-4, -7, 0.921366941516
-4, -6, 0.921366941516
-4, -5, 0.921366941516
-4, -4, 0.921366941516
-4, -3, 0.921366941516
-4, -2, 0.921366941516
-4, -1, 0.921366941516
-4, 0, 0.921366941516
-4, 1, 0.921366941516
-4, 2, 0.921366941516
-4, 3, 0.921366941516
-3, -15, 0.921366941516
-3, -14, 0.921366941516
-3, -13, 0.921366941516
-3, -12, 0.921366941516
-3, -11, 0.921366941516
-3, -10, 0.921366941516
-3, -9, 0.921366941516
-3, -8, 0.921366941516
-3, -7, 0.921366941516
-3, -6, 0.921366941516
-3, -5, 0.921366941516
-3, -4, 0.921366941516
-3, -3, 0.921366941516
-3, -2, 0.921366941516
-3, -1, 0.921366941516
-3, 0, 0.921366941516
-3, 1, 0.921366941516
-3, 2, 0.921366941516
-3, 3, 0.921366941516
-2, -15, 0.921366941516
-2, -14, 0.921366941516
-2, -13, 0.921366941516
-2, -12, 0.921366941516
-2, -11, 0.921366941516
-2, -10, 0.921366941516
-2, -9, 0.921366941516
-2, -8, 0.921366941516
-2, -7, 0.921366941516
-2, -6, 0.921366941516
-2, -5, 0.921366941516
-2, -4, 0.921366941516
-2, -3, 0.921366941516
-2, -2, 0.921366941516
-2, -1, 0.921366941516
-2, 0, 0.921366941516
-2, 1, 0.921366941516
-2, 2, 0.921366941516
-2, 3, 0.921366941516
-1, -15, 0.921366941516
-1, -14, 0.921366941516
-1, -13, 0.921366941516
-1, -12, 0.921366941516
-1, -11, 0.921366941516
-1, -10, 0.921366941516
-1, -9, 0.921366941516
-1, -8, 0.921366941516
-1, -7, 0.921366941516
-1, -6, 0.921366941516
-1, -5, 0.921366941516
-1, -4, 0.921366941516
-1, -3, 0.921366941516
-1, -2, 0.921366941516
-1, -1, 0.921366941516
-1, 0, 0.921366941516
-1, 1, 0.921366941516
-1, 2, 0.921366941516
-1, 3, 0.921366941516
0, -15, 0.921366941516
0, -14, 0.921366941516
0, -13, 0.921366941516
0, -12, 0.921366941516
0, -11, 0.921366941516
0, -10, 0.921366941516
0, -9, 0.921366941516
0, -8, 0.921366941516
0, -7, 0.921366941516
0, -6, 0.921366941516
0, -5, 0.921366941516
0, -4, 0.921366941516
0, -3, 0.921366941516
0, -2, 0.921366941516
0, -1, 0.921366941516
0, 0, 0.922882093031
0, 1, 0.921366941516
0, 2, 0.921366941516
0, 3, 0.92588978186
1, -15, 0.921366941516
1, -14, 0.921366941516
1, -13, 0.921366941516
1, -12, 0.921366941516
1, -11, 0.921366941516
1, -10, 0.921366941516
1, -9, 0.921366941516
1, -8, 0.921366941516
1, -7, 0.921366941516
1, -6, 0.921366941516
1, -5, 0.921366941516
1, -4, 0.922882093031
1, -3, 0.924397244546
1, -2, 0.922882093031
1, -1, 0.922882093031
1, 0, 0.924443864593
1, 1, 0.92442055457
1, 2, 0.924352016143
1, 3, 0.928897470689
2, -15, 0.921366941516
2, -14, 0.921366941516
2, -13, 0.921366941516
2, -12, 0.921366941516
2, -11, 0.921366941516
2, -10, 0.921366941516
2, -9, 0.921366941516
2, -8, 0.921366941516
2, -7, 0.921366941516
2, -6, 0.921366941516
2, -5, 0.924397244546
2, -4, 0.924397244546
2, -3, 0.924397244546
2, -2, 0.924397244546
2, -1, 0.925959016108
2, 0, 0.921413561563
2, 1, 0.92889816651
2, 2, 0.928897470689
2, 3, 0.92141216992
3, -15, 0.921366941516
3, -14, 0.921366941516
3, -13, 0.921366941516
3, -12, 0.921366941516
3, -11, 0.921366941516
3, -10, 0.921366941516
3, -9, 0.921366941516
3, -8, 0.921366941516
3, -7, 0.921366941516
3, -6, 0.922882093031
3, -5, 0.924397244546
3, -4, 0.922882093031
3, -3, 0.924397244546
3, -2, 0.927474167623
3, -1, 0.922928713078
3, 0, 0.931974393765
3, 1, 0.925913787705
3, 2, 0.916820791149
3, 3, 0.919873708381
4, -15, 0.921366941516
4, -14, 0.921366941516
4, -13, 0.921366941516
4, -12, 0.921366941516
4, -11, 0.921366941516
4, -10, 0.921366941516
4, -9, 0.921366941516
4, -8, 0.921366941516
4, -7, 0.921366941516
4, -6, 0.924397244546
4, -5, 0.922882093031
4, -4, 0.922882093031
4, -3, 0.925912396062
4, -2, 0.924443864593
4, -1, 0.919898410048
4, 0, 0.924421250391
4, 1, 0.921367637338
4, 2, 0.918381866889
4, 3, 0.918312632641
5, -15, 0.921366941516
5, -14, 0.921366941516
5, -13, 0.921366941516
5, -12, 0.921366941516
5, -11, 0.921366941516
5, -10, 0.921366941516
5, -9, 0.921366941516
5, -8, 0.921366941516
5, -7, 0.924397244546
5, -6, 0.922882093031
5, -5, 0.922882093031
5, -4, 0.927427547577
5, -3, 0.925959016108
5, -2, 0.921413561563
5, -1, 0.930482552274
5, 0, 0.922906098876
5, 1, 0.915374873882
5, 2, 0.913835716522
5, 3, 0.922812858783
6, -15, 0.921366941516
6, -14, 0.921366941516
6, -13, 0.921366941516
6, -12, 0.921366941516
6, -11, 0.921366941516
6, -10, 0.921366941516
6, -9, 0.921366941516
6, -8, 0.924397244546
6, -7, 0.922882093031
6, -6, 0.922882093031
6, -5, 0.925912396062
6, -4, 0.92442055457
6, -3, 0.924443864593
6, -2, 0.922974637303
6, -1, 0.919899105869
6, 0, 0.916844796994
6, 1, 0.912275336604
6, 2, 0.913790488119
6, 3, 0.922812858783
7, -15, 0.921366941516
7, -14, 0.921366941516
7, -13, 0.921366941516
7, -12, 0.921366941516
7, -11, 0.921366941516
7, -10, 0.921366941516
7, -9, 0.922882093031
7, -8, 0.922882093031
7, -7, 0.922882093031
7, -6, 0.925912396062
7, -5, 0.924397244546
7, -4, 0.925959016108
7, -3, 0.919921024249
7, -2, 0.927452249243
7, -1, 0.918383258533
7, 0, 0.910806805135
7, 1, 0.915214487006
7, 2, 0.916775562746
7, 3, 0.924328010298
8, -15, 0.921366941516
8, -14, 0.921366941516
8, -13, 0.921366941516
8, -12, 0.921366941516
8, -11, 0.921366941516
8, -10, 0.922882093031
8, -9, 0.922882093031
8, -8, 0.922882093031
8, -7, 0.922882093031
8, -6, 0.925912396062
8, -5, 0.925959016108
8, -4, 0.92295132728
8, -3, 0.919944334273
8, -2, 0.922906098876
8, -1, 0.913814493964
8, 0, 0.909290957798
8, 1, 0.912184183975
8, 2, 0.913745259715
8, 3, 0.924328010298
9, -15, 0.921366941516
9, -14, 0.921366941516
9, -13, 0.921366941516
9, -12, 0.921366941516
9, -11, 0.922882093031
9, -10, 0.922882093031
9, -9, 0.922882093031
9, -8, 0.922882093031
9, -7, 0.925912396062
9, -6, 0.924397244546
9, -5, 0.924443864593
9, -4, 0.921436175765
9, -3, 0.924444560415
9, -2, 0.921345023136
9, -1, 0.909268343597
9, 0, 0.915283721254
9, 1, 0.91066903246
9, 2, 0.9122301082
9, 3, 0.92132032147
10, -15, 0.921366941516
10, -14, 0.921366941516
10, -13, 0.921366941516
10, -12, 0.922882093031
10, -11, 0.922882093031
10, -10, 0.922882093031
10, -9, 0.922882093031
10, -8, 0.925912396062
10, -7, 0.924397244546
10, -6, 0.925959016108
10, -5, 0.921436175765
10, -4, 0.919944334273
10, -3, 0.921390947361
10, -2, 0.915329645479
10, -1, 0.910828723515
10, 0, 0.916798872769
10, 1, 0.906123577915
10, 2, 0.910737570887
10, 3, 0.918335246843
11, -15, 0.921366941516
11, -14, 0.921366941516
11, -13, 0.922882093031
11, -12, 0.922882093031
11, -11, 0.922882093031
11, -10, 0.921366941516
11, -9, 0.925912396062
11, -8, 0.924397244546
11, -7, 0.925959016108
11, -6, 0.924466478795
11, -5, 0.921459485788
11, -4, 0.92139025154
11, -3, 0.921345023136
11, -2, 0.913837108165
11, -1, 0.910806109314
11, 0, 0.912253418224
11, 1, 0.903093274884
11, 2, 0.906236648923
11, 3, 0.919827784156
12, -15, 0.921366941516
12, -14, 0.922882093031
12, -13, 0.922882093031
12, -12, 0.922882093031
12, -11, 0.921366941516
12, -10, 0.927427547577
12, -9, 0.924397244546
12, -8, 0.922882093031
12, -7, 0.925959016108
12, -6, 0.924466478795
12, -5, 0.916913335421
12, -4, 0.919829175799
12, -3, 0.918359948509
12, -2, 0.912298646627
12, -1, 0.910737570887
12, 0, 0.909177190968
12, 1, 0.903046654838
12, 2, 0.906236648923
12, 3, 0.912297254984
13, -15, 0.922882093031
13, -14, 0.922882093031
13, -13, 0.922882093031
13, -12, 0.921366941516
13, -11, 0.927427547577
13, -10, 0.927427547577
13, -9, 0.924397244546
13, -8, 0.925959016108
13, -7, 0.92598163031
13, -6, 0.918405872734
13, -5, 0.922905403055
13, -4, 0.918337334307
13, -3, 0.916867411196
13, -2, 0.909267647775
13, -1, 0.909199109348
13, 0, 0.901531503323
13, 1, 0.901554117524
13, 2, 0.907706572035
13, 3, 0.910782103469
14, -15, 0.922882093031
14, -14, 0.922882093031
14, -13, 0.921366941516
14, -12, 0.927427547577
14, -11, 0.925912396062
14, -10, 0.927427547577
14, -9, 0.927474167623
14, -8, 0.924466478795
14, -7, 0.926004940333
14, -6, 0.916913335421
14, -5, 0.919829175799
14, -4, 0.919852485823
14, -3, 0.904744807431
14, -2, 0.90922172355
14, -1, 0.909176495147
14, 0, 0.901484883276
14, 1, 0.903137111645
14, 2, 0.903138503288
14, 3, 0.910782103469
15, -15, 0.922882093031
15, -14, 0.921366941516
15, -13, 0.927427547577
15, -12, 0.925912396062
15, -11, 0.927427547577
15, -10, 0.927474167623
15, -9, 0.924466478795
15, -8, 0.92598163031
15, -7, 0.916890721219
15, -6, 0.921412865741
15, -5, 0.91379118394
15, -4, 0.906237344745
15, -3, 0.910736875065
15, -2, 0.906214034721
15, -1, 0.899969731761
15, 0, 0.901484883276
15, 1, 0.895583968271
15, 2, 0.903138503288
15, 3, 0.910782103469
