-5, -15, 0.73
-5, -14, 0.73
-5, -13, 0.73
-5, -12, 0.73
-5, -11, 0.73
-5, -10, 0.73
-5, -9, 0.73
-5, -8, 0.73
-5, -7, 0.73
-5, -6, 0.73
-5, -5, 0.73
-5, -4, 0.73
-5, -3, 0.73
-5, -2, 0.73
-5, -1, 0.73
-5, 0, 0.73
-5, 1, 0.73
-5, 2, 0.73
-5, 3, 0.73
-4, -15, 0.73
-4, -14, 0.73
-4, -13, 0.73
-4, -12, 0.73
-4, -11, 0.73
-4, -10, 0.73
-4, -9, 0.73
-4, -8, 0.73
-4, -7, 0.73
-4, -6, 0.73
-4, -5, 0.73
-4, -4, 0.73
-4, -3, 0.73
-4, -2, 0.73
-4, -1, 0.73
-4, 0, 0.73
-4, 1, 0.73
-4, 2, 0.73
-4, 3, 0.73
-3, -15, 0.73
-3, -14, 0.73
-3, -13, 0.73
-3, -12, 0.73
-3, -11, 0.73
-3, -10, 0.73
-3, -9, 0.73
-3, -8, 0.73
-3, -7, 0.73
-3, -6, 0.73
-3, -5, 0.73
-3, -4, 0.73
-3, -3, 0.73
-3, -2, 0.73
-3, -1, 0.73
-3, 0, 0.73
-3, 1, 0.73
-3, 2, 0.73
-3, 3, 0.73
-2, -15, 0.73
-2, -14, 0.73
-2, -13, 0.73
-2, -12, 0.73
-2, -11, 0.73
-2, -10, 0.73
-2, -9, 0.73
-2, -8, 0.73
-2, -7, 0.73
-2, -6, 0.73
-2, -5, 0.73
-2, -4, 0.73
-2, -3, 0.73
-2, -2, 0.73
-2, -1, 0.73
-2, 0, 0.73
-2, 1, 0.73
-2, 2, 0.73
-2, 3, 0.73
-1, -15, 0.73
-1, -14, 0.73
-1, -13, 0.73
-1, -12, 0.73
-1, -11, 0.73
-1, -10, 0.73
-1, -9, 0.73
-1, -8, 0.73
-1, -7, 0.73
-1, -6, 0.73
-1, -5, 0.73
-1, -4, 0.73
-1, -3, 0.73
-1, -2, 0.73
-1, -1, 0.73
-1, 0, 0.73
-1, 1, 0.73
-1, 2, 0.73
-1, 3, 0.73
0, -15, 0.73
0, -14, 0.73
0, -13, 0.73
0, -12, 0.73
0, -11, 0.73
0, -10, 0.73
0, -9, 0.73
0, -8, 0.73
0, -7, 0.73
0, -6, 0.73
0, -5, 0.73
0, -4, 0.73
0, -3, 0.73
0, -2, 0.73
0, -1, 0.695
0, 0, 0.6825
0, 1, 0.6825
0, 2, 0.6825
0, 3, 0.6825
1, -15, 0.73
1, -14, 0.73
1, -13, 0.73
1, -12, 0.73
1, -11, 0.73
1, -10, 0.73
1, -9, 0.73
1, -8, 0.73
1, -7, 0.73
1, -6, 0.73
1, -5, 0.73
1, -4, 0.73
1, -3, 0.7175
1, -2, 0.6825
1, -1, 0.67
1, 0, 0.6825
1, 1, 0.6825
1, 2, 0.6825
1, 3, 0.6825
2, -15, 0.73
2, -14, 0.73
2, -13, 0.73
2, -12, 0.73
2, -11, 0.73
2, -10, 0.73
2, -9, 0.73
2, -8, 0.73
2, -7, 0.73
2, -6, 0.73
2, -5, 0.73
2, -4, 0.7175
2, -3, 0.6825
2, -2, 0.68
2, -1, 0.66
2, 0, 0.6825
2, 1, 0.6825
2, 2, 0.6825
2, 3, 0.6825
3, -15, 0.73
3, -14, 0.73
3, -13, 0.73
3, -12, 0.73
3, -11, 0.73
3, -10, 0.73
3, -9, 0.73
3, -8, 0.73
3, -7, 0.73
3, -6, 0.73
3, -5, 0.73
3, -4, 0.6925
3, -3, 0.68
3, -2, 0.6225
3, -1, 0.66
3, 0, 0.6825
3, 1, 0.6825
3, 2, 0.6825
3, 3, 0.6825
4, -15, 0.73
4, -14, 0.73
4, -13, 0.73
4, -12, 0.73
4, -11, 0.73
4, -10, 0.73
4, -9, 0.73
4, -8, 0.73
4, -7, 0.73
4, -6, 0.73
4, -5, 0.6925
4, -4, 0.68
4, -3, 0.6125
4, -2, 0.6225
4, -1, 0.66
4, 0, 0.6825
4, 1, 0.6825
4, 2, 0.6825
4, 3, 0.6825
5, -15, 0.73
5, -14, 0.73
5, -13, 0.73
5, -12, 0.73
5, -11, 0.73
5, -10, 0.73
5, -9, 0.73
5, -8, 0.73
5, -7, 0.73
5, -6, 0.6925
5, -5, 0.6925
5, -4, 0.6425
5, -3, 0.59
5, -2, 0.6225
5, -1, 0.66
5, 0, 0.6825
5, 1, 0.6825
5, 2, 0.6825
5, 3, 0.6825
6, -15, 0.73
6, -14, 0.73
6, -13, 0.73
6, -12, 0.73
6, -11, 0.73
6, -10, 0.73
6, -9, 0.73
6, -8, 0.73
6, -7, 0.6925
6, -6, 0.68
6, -5, 0.655
6, -4, 0.5975
6, -3, 0.59
6, -2, 0.6225
6, -1, 0.66
6, 0, 0.6825
6, 1, 0.6825
6, 2, 0.6825
6, 3, 0.6825
7, -15, 0.73
7, -14, 0.73
7, -13, 0.73
7, -12, 0.73
7, -11, 0.73
7, -10, 0.73
7, -9, 0.73
7, -8, 0.6925
7, -7, 0.6925
7, -6, 0.69
7, -5, 0.6425
7, -4, 0.59
7, -3, 0.59
7, -2, 0.6225
7, -1, 0.66
7, 0, 0.6825
7, 1, 0.6825
7, 2, 0.6825
7, 3, 0.6825
8, -15, 0.73
8, -14, 0.73
8, -13, 0.73
8, -12, 0.73
8, -11, 0.73
8, -10, 0.73
8, -9, 0.6925
8, -8, 0.6925
8, -7, 0.68
8, -6, 0.645
8, -5, 0.5975
8, -4, 0.6
8, -3, 0.59
8, -2, 0.6225
8, -1, 0.66
8, 0, 0.6825
8, 1, 0.6825
8, 2, 0.6825
8, 3, 0.6825
9, -15, 0.73
9, -14, 0.73
9, -13, 0.73
9, -12, 0.73
9, -11, 0.73
9, -10, 0.6925
9, -9, 0.6925
9, -8, 0.6925
9, -7, 0.69
9, -6, 0.6325
9, -5, 0.6125
9, -4, 0.5875
9, -3, 0.59
9, -2, 0.6225
9, -1, 0.66
9, 0, 0.6825
9, 1, 0.6825
9, 2, 0.6825
9, 3, 0.6825
10, -15, 0.73
10, -14, 0.73
10, -13, 0.73
10, -12, 0.73
10, -11, 0.6925
10, -10, 0.6925
10, -9, 0.6925
10, -8, 0.68
10, -7, 0.645
10, -6, 0.5975
10, -5, 0.575
10, -4, 0.5875
10, -3, 0.59
10, -2, 0.6225
10, -1, 0.66
10, 0, 0.6825
10, 1, 0.6825
10, 2, 0.6825
10, 3, 0.6825
11, -15, 0.73
11, -14, 0.73
11, -13, 0.73
11, -12, 0.6925
11, -11, 0.6925
11, -10, 0.6925
11, -9, 0.6925
11, -8, 0.69
11, -7, 0.6325
11, -6, 0.59
11, -5, 0.575
11, -4, 0.5875
11, -3, 0.59
11, -2, 0.6225
11, -1, 0.66
11, 0, 0.6825
11, 1, 0.6825
11, 2, 0.6825
11, 3, 0.6825
12, -15, 0.73
12, -14, 0.73
12, -13, 0.6925
12, -12, 0.6925
12, -11, 0.6925
12, -10, 0.6925
12, -9, 0.68
12, -8, 0.6325
12, -7, 0.5975
12, -6, 0.555
12, -5, 0.575
12, -4, 0.5875
12, -3, 0.59
12, -2, 0.6225
12, -1, 0.66
12, 0, 0.6825
12, 1, 0.6825
12, 2, 0.6825
12, 3, 0.6825
13, -15, 0.73
13, -14, 0.6925
13, -13, 0.6925
13, -12, 0.6925
13, -11, 0.6925
13, -10, 0.6925
13, -9, 0.69
13, -8, 0.6325
13, -7, 0.59
13, -6, 0.555
13, -5, 0.575
13, -4, 0.5875
13, -3, 0.59
13, -2, 0.6225
13, -1, 0.66
13, 0, 0.6825
13, 1, 0.6825
13, 2, 0.6825
13, 3, 0.6825
14, -15, 0.6925
14, -14, 0.6925
14, -13, 0.6925
14, -12, 0.6925
14, -11, 0.6925
14, -10, 0.6775
14, -9, 0.6325
14, -8, 0.5975
14, -7, 0.565
14, -6, 0.555
14, -5, 0.575
14, -4, 0.5875
14, -3, 0.59
14, -2, 0.6225
14, -1, 0.66
14, 0, 0.6825
14, 1, 0.6825
14, 2, 0.6825
14, 3, 0.6825
15, -15, 0.6925
15, -14, 0.6925
15, -13, 0.6925
15, -12, 0.6925
15, -11, 0.68
15, -10, 0.69
15, -9, 0.6325
15, -8, 0.59
15, -7, 0.565
15, -6, 0.555
15, -5, 0.575
15, -4, 0.5875
15, -3, 0.59
15, -2, 0.6225
15, -1, 0.66
15, 0, 0.6825
15, 1, 0.6825
15, 2, 0.6825
15, 3, 0.6825
