-5, -15, 0.504864871775
-5, -14, 0.504864871775
-5, -13, 0.504864871775
-5, -12, 0.504864871775
-5, -11, 0.504864871775
-5, -10, 0.504864871775
-5, -9, 0.504864871775
-5, -8, 0.504864871775
-5, -7, 0.504864871775
-5, -6, 0.504864871775
-5, -5, 0.504864871775
-5, -4, 0.508377843118
-5, -3, 0.706208667044
-5, -2, 0.82026508276
-5, -1, 0.91026484684
-5, 0, 0.957565318437
-5, 1, 0.971757267339
-5, 2, 0.978512390676
-5, 3, 0.980133830916
-4, -15, 0.504864871775
-4, -14, 0.504864871775
-4, -13, 0.504864871775
-4, -12, 0.504864871775
-4, -11, 0.504864871775
-4, -10, 0.504864871775
-4, -9, 0.504864871775
-4, -8, 0.504864871775
-4, -7, 0.504864871775
-4, -6, 0.504864871775
-4, -5, 0.508377843118
-4, -4, 0.6976940455
-4, -3, 0.788914234094
-4, -2, 0.86946146428
-4, -1, 0.938239322688
-4, 0, 0.964594181983
-4, 1, 0.974323926025
-4, 2, 0.978783208545
-4, 3, 0.979999061011
-3, -15, 0.504864871775
-3, -14, 0.504864871775
-3, -13, 0.504864871775
-3, -12, 0.504864871775
-3, -11, 0.504864871775
-3, -10, 0.504864871775
-3, -9, 0.504864871775
-3, -8, 0.504864871775
-3, -7, 0.504864871775
-3, -6, 0.508242525121
-3, -5, 0.690666643864
-3, -4, 0.769319611367
-3, -3, 0.824862973315
-3, -2, 0.907566341577
-3, -1, 0.956484600613
-3, 0, 0.96986482538
-3, 1, 0.97553904803
-3, 2, 0.979323750073
-3, 3, 0.979863925876
-2, -15, 0.504864871775
-2, -14, 0.504864871775
-2, -13, 0.504864871775
-2, -12, 0.504864871775
-2, -11, 0.504864871775
-2, -10, 0.504864871775
-2, -9, 0.504864871775
-2, -8, 0.504864871775
-2, -7, 0.508242525121
-2, -6, 0.687424126147
-2, -5, 0.758642641343
-2, -4, 0.796891787011
-2, -3, 0.864058973318
-2, -2, 0.937700788696
-2, -1, 0.964865182714
-2, 0, 0.973783750222
-2, 1, 0.978512937782
-2, 2, 0.980404649773
-2, 3, 0.979188431089
-1, -15, 0.504864871775
-1, -14, 0.504864871775
-1, -13, 0.504864871775
-1, -12, 0.504864871775
-1, -11, 0.504864871775
-1, -10, 0.504864871775
-1, -9, 0.504864871775
-1, -8, 0.508107572354
-1, -7, 0.685802319689
-1, -6, 0.752966226322
-1, -5, 0.780000599423
-1, -4, 0.821353473885
-1, -3, 0.903379154987
-1, -2, 0.956484965843
-1, -1, 0.969458871882
-1, 0, 0.976079406695
-1, 1, 0.979458519977
-1, 2, 0.979323383362
-1, 3, 0.979593836494
0, -15, 0.504864871775
0, -14, 0.504864871775
0, -13, 0.504864871775
0, -12, 0.504864871775
0, -11, 0.504864871775
0, -10, 0.504864871775
0, -9, 0.508107572354
0, -8, 0.685261778655
0, -7, 0.750668743201
0, -6, 0.771485976891
0, -5, 0.796213371858
0, -4, 0.853922546302
0, -3, 0.9367552065
0, -2, 0.964864269884
0, -1, 0.973378891922
0, 0, 0.978242301787
0, 1, 0.979728242648
0, 2, 0.979052747861
0, 3, 0.979052381643
1, -15, 0.504864871775
1, -14, 0.504864871775
1, -13, 0.504864871775
1, -12, 0.504864871775
1, -11, 0.504864871775
1, -10, 0.508107572354
1, -9, 0.684856190387
1, -8, 0.749317025138
1, -7, 0.76675642262
1, -6, 0.779863092509
1, -5, 0.814189474217
1, -4, 0.898244378667
1, -3, 0.956080290899
1, -2, 0.969594189879
1, -1, 0.976080867125
1, 0, 0.979188979675
1, 1, 0.979999060518
1, 2, 0.978242483168
1, 3, 0.977295623405
2, -15, 0.504864871775
2, -14, 0.504864871775
2, -13, 0.504864871775
2, -12, 0.504864871775
2, -11, 0.508107572354
2, -10, 0.684721237621
2, -9, 0.748371443436
2, -8, 0.764594805096
2, -7, 0.772970096534
2, -6, 0.790403832692
2, -5, 0.848110630421
2, -4, 0.936484022413
2, -3, 0.965540129409
2, -2, 0.973649162193
2, -1, 0.978647890548
2, 0, 0.979863560646
2, 1, 0.978512753932
2, 2, 0.97648572345
2, 3, 0.975403910427
3, -15, 0.504864871775
3, -14, 0.504864871775
3, -13, 0.504864871775
3, -12, 0.508107572354
3, -11, 0.684586284854
3, -10, 0.748506943802
3, -9, 0.76351280921
3, -8, 0.767971002454
3, -7, 0.778240556576
3, -6, 0.810271280331
3, -5, 0.893515920582
3, -4, 0.955675798324
3, -3, 0.969864643012
3, -2, 0.975945549128
3, -1, 0.979459067577
3, 0, 0.979729154985
3, 1, 0.977972394773
3, 2, 0.975134552987
3, 3, 0.974052922332
4, -15, 0.504864871775
4, -14, 0.504864871775
4, -13, 0.508107572354
4, -12, 0.684451149719
4, -11, 0.748641896568
4, -10, 0.763107403311
4, -9, 0.766483417808
4, -8, 0.7714825109
4, -7, 0.788918256074
4, -6, 0.844731516152
4, -5, 0.93553844071
4, -4, 0.965540859871
4, -3, 0.973648979824
4, -2, 0.978377802646
4, -1, 0.980133648547
4, 0, 0.978377070704
4, 1, 0.97648627105
4, 2, 0.972026257575
4, 3, 0.972431480611
5, -15, 0.504864871775
5, -14, 0.508107572354
5, -13, 0.684451149719
5, -12, 0.748641896568
5, -11, 0.762566679415
5, -10, 0.76513279445
5, -9, 0.76918539301
5, -8, 0.776080216619
5, -7, 0.806218315553
5, -6, 0.891353207365
5, -5, 0.9549993912
5, -4, 0.969323919609
5, -3, 0.976215819891
5, -2, 0.979188614444
5, -1, 0.978782477097
5, 0, 0.977026629715
5, 1, 0.974054018518
5, 2, 0.970268767395
5, 3, 0.971890939084
6, -15, 0.508107572354
6, -14, 0.684451149719
6, -13, 0.748641896568
6, -12, 0.762566679415
6, -11, 0.764726840458
6, -10, 0.767833856823
6, -9, 0.770133165604
6, -8, 0.785134464887
6, -7, 0.84162413357
6, -6, 0.935132851456
6, -5, 0.965270771475
6, -4, 0.973649345055
6, -3, 0.978647708179
6, -2, 0.980134013284
6, -1, 0.978241752707
6, 0, 0.97635077019
6, 1, 0.971214897684
6, 2, 0.9689183269
6, 3, 0.971890939084
7, -15, 0.684451149719
7, -14, 0.748641896568
7, -13, 0.762431361418
7, -12, 0.764727205689
7, -11, 0.766753504229
7, -10, 0.767700364485
7, -9, 0.774996393099
7, -8, 0.805272367633
7, -7, 0.89027303714
7, -6, 0.954999574062
7, -5, 0.969323919609
7, -4, 0.976215819891
7, -3, 0.979188249214
7, -2, 0.978511841102
7, -1, 0.977296900479
7, 0, 0.974729146594
7, 1, 0.969053462035
7, 2, 0.968107696977
7, 3, 0.971890939084
8, -15, 0.748777214566
8, -14, 0.762431726649
8, -13, 0.764592070554
8, -12, 0.766347733099
8, -11, 0.767295140955
8, -10, 0.769727575362
8, -9, 0.784052651864
8, -8, 0.839730230195
8, -7, 0.935268169453
8, -6, 0.965270771475
8, -5, 0.973649345055
8, -4, 0.978782843315
8, -3, 0.980134013284
8, -2, 0.977972030036
8, -1, 0.975945547153
8, 0, 0.971755986811
8, 1, 0.966213976463
8, 2, 0.968107696977
8, 3, 0.971890939084
9, -15, 0.762296408651
9, -14, 0.764321982652
9, -13, 0.766482868234
9, -12, 0.766214788361
9, -11, 0.76729568658
9, -10, 0.773646317341
9, -9, 0.803380290411
9, -8, 0.889191406485
9, -7, 0.954999574062
9, -6, 0.969594372742
9, -5, 0.976215819891
9, -4, 0.979323567211
9, -3, 0.978511841102
9, -2, 0.977161947712
9, -1, 0.974729512812
9, 0, 0.969323002831
9, 1, 0.964863170737
9, 2, 0.968107696977
9, 3, 0.971890939084
10, -15, 0.764592070554
10, -14, 0.765943057168
10, -13, 0.765538564099
10, -12, 0.765403792221
10, -11, 0.76891676307
10, -10, 0.783105425883
10, -9, 0.838650243325
10, -8, 0.935132851456
10, -7, 0.965270771475
10, -6, 0.973649345055
10, -5, 0.978917796081
10, -4, 0.980269331282
10, -3, 0.978242666031
10, -2, 0.975945730016
10, -1, 0.972430933506
10, 0, 0.965944071424
10, 1, 0.964863170737
10, 2, 0.968107696977
10, 3, 0.971890939084
11, -15, 0.766212962701
11, -14, 0.764997657341
11, -13, 0.764863616417
11, -12, 0.767025781541
11, -11, 0.773105592951
11, -10, 0.802973971682
11, -9, 0.888246372382
11, -8, 0.955134526828
11, -7, 0.969594372742
11, -6, 0.976215819891
11, -5, 0.979323567211
11, -4, 0.978512023471
11, -3, 0.977027360177
11, -2, 0.97418970224
11, -1, 0.971080127286
11, 0, 0.962295051622
11, 1, 0.964863170737
11, 2, 0.968107696977
11, 3, 0.971890939084
12, -15, 0.765268293335
12, -14, 0.764593345653
12, -13, 0.76580956335
12, -12, 0.768917493038
12, -11, 0.782835885087
12, -10, 0.838784830861
12, -9, 0.934862580692
12, -8, 0.965135453478
12, -7, 0.973649345055
12, -6, 0.978917796081
12, -5, 0.980269331282
12, -4, 0.978107348033
12, -3, 0.975810960111
12, -2, 0.972972388357
12, -1, 0.967836148152
12, 0, 0.961482961269
12, 1, 0.964863170737
12, 2, 0.968107696977
12, 3, 0.971890939084
13, -15, 0.764187575017
13, -14, 0.765133704319
13, -13, 0.766077277499
13, -12, 0.772700917514
13, -11, 0.80310965491
13, -10, 0.887570512858
13, -9, 0.955269844826
13, -8, 0.969459054744
13, -7, 0.976351137889
13, -6, 0.979458885208
13, -5, 0.978647341468
13, -4, 0.976892225042
13, -3, 0.974189154147
13, -2, 0.970538673915
13, -1, 0.963512000274
13, 0, 0.961077554383
13, 1, 0.964863170737
13, 2, 0.968107696977
13, 3, 0.971890939084
14, -15, 0.764998386322
14, -14, 0.764997655367
14, -13, 0.768241086408
14, -12, 0.783510831288
14, -11, 0.838650425694
14, -10, 0.934592858515
14, -9, 0.96513563634
14, -8, 0.974054385723
14, -7, 0.978377437416
14, -6, 0.979998695287
14, -5, 0.978107348033
14, -4, 0.975405188982
14, -3, 0.972702300455
14, -2, 0.969863544358
14, -1, 0.960808380299
14, 0, 0.961077554383
14, 1, 0.964863170737
14, 2, 0.968107696977
14, 3, 0.971890939084
15, -15, 0.765402148435
15, -14, 0.766619096594
15, -13, 0.772834409357
15, -12, 0.801893254844
15, -11, 0.888651413544
15, -10, 0.955134892059
15, -9, 0.969594372742
15, -8, 0.976351137889
15, -7, 0.979323567211
15, -6, 0.978376705473
15, -5, 0.977027725901
15, -4, 0.97378393111
15, -3, 0.970402442101
15, -2, 0.96675470036
15, -1, 0.959455565557
15, 0, 0.961077554383
15, 1, 0.964863170737
15, 2, 0.968107696977
15, 3, 0.971890939084
