-5, -15, 0.835282846169
-5, -14, 0.835282846169
-5, -13, 0.835282846169
-5, -12, 0.835282846169
-5, -11, 0.835282846169
-5, -10, 0.835282846169
-5, -9, 0.835282846169
-5, -8, 0.835282846169
-5, -7, 0.835282846169
-5, -6, 0.835282846169
-5, -5, 0.835282846169
-5, -4, 0.835282846169
-5, -3, 0.835282846169
-5, -2, 0.835282846169
-5, -1, 0.835282846169
-5, 0, 0.835282846169
-5, 1, 0.835282846169
-5, 2, 0.835282846169
-5, 3, 0.835282846169
-4, -15, 0.835282846169
-4, -14, 0.835282846169
-4, -13, 0.835282846169
-4, -12, 0.835282846169
-4, -11, 0.835282846169
-4, -10, 0.835282846169
-4, -9, 0.835282846169
-4, -8, 0.835282846169
-4, -7, 0.835282846169
-4, -6, 0.835521509653
-4, -5, 0.835282846169
-4, -4, 0.835282846169
-4, -3, 0.835282846169
-4, -2, 0.835282846169
-4, -1, 0.835282846169
-4, 0, 0.835282846169
-4, 1, 0.835282846169
-4, 2, 0.835282846169
-4, 3, 0.835282846169
-3, -15, 0.835282846169
-3, -14, 0.835282846169
-3, -13, 0.835282846169
-3, -12, 0.835282846169
-3, -11, 0.835282846169
-3, -10, 0.835282846169
-3, -9, 0.835282846169
-3, -8, 0.846502738785
-3, -7, 1.0
-3, -6, 1.0
-3, -5, 0.977799163395
-3, -4, 0.835282846169
-3, -3, 0.835282846169
-3, -2, 0.835282846169
-3, -1, 0.835282846169
-3, 0, 0.835282846169
-3, 1, 0.835282846169
-3, 2, 0.835282846169
-3, 3, 0.835282846169
-2, -15, 0.835282846169
-2, -14, 0.835282846169
-2, -13, 0.835282846169
-2, -12, 0.835282846169
-2, -11, 0.835282846169
-2, -10, 0.835282846169
-2, -9, 0.996538666621
-2, -8, 1.0
-2, -7, 1.0
-2, -6, 1.0
-2, -5, 1.0
-2, -4, 0.845667701731
-2, -3, 0.835282846169
-2, -2, 0.835282846169
-2, -1, 0.835282846169
-2, 0, 0.835282846169
-2, 1, 0.835282846169
-2, 2, 0.835282846169
-2, 3, 0.835282846169
-1, -15, 0.835282846169
-1, -14, 0.835282846169
-1, -13, 0.835282846169
-1, -12, 0.835282846169
-1, -11, 0.835282846169
-1, -10, 1.0
-1, -9, 1.0
-1, -8, 1.0
-1, -7, 1.0
-1, -6, 1.0
-1, -5, 1.0
-1, -4, 0.97386107333
-1, -3, 0.835282846169
-1, -2, 0.835282846169
-1, -1, 0.835282846169
-1, 0, 0.835282846169
-1, 1, 0.835282846169
-1, 2, 0.835282846169
-1, 3, 0.835282846169
0, -15, 0.835282846169
0, -14, 0.835282846169
0, -13, 0.835282846169
0, -12, 0.835282846169
0, -11, 1.0
0, -10, 1.0
0, -9, 1.0
0, -8, 1.0
0, -7, 1.0
0, -6, 1.0
0, -5, 1.0
0, -4, 0.993196807555
0, -3, 0.839699688911
0, -2, 0.835282846169
0, -1, 0.835282846169
0, 0, 0.835282846169
0, 1, 0.835282846169
0, 2, 0.835282846169
0, 3, 0.835282846169
1, -15, 0.835282846169
1, -14, 0.835282846169
1, -13, 0.835282846169
1, -12, 1.0
1, -11, 1.0
1, -10, 1.0
1, -9, 1.0
1, -8, 1.0
1, -7, 1.0
1, -6, 1.0
1, -5, 1.0
1, -4, 0.994271078377
1, -3, 0.849606362078
1, -2, 0.835282846169
1, -1, 0.835282846169
1, 0, 0.835282846169
1, 1, 0.835282846169
1, 2, 0.835282846169
1, 3, 0.835282846169
2, -15, 0.835282846169
2, -14, 0.835282846169
2, -13, 1.0
2, -12, 1.0
2, -11, 1.0
2, -10, 1.0
2, -9, 1.0
2, -8, 1.0
2, -7, 1.0
2, -6, 1.0
2, -5, 1.0
2, -4, 0.994271078377
2, -3, 0.849606362078
2, -2, 0.835282846169
2, -1, 0.835282846169
2, 0, 0.835282846169
2, 1, 0.835282846169
2, 2, 0.835282846169
2, 3, 0.835282846169
3, -15, 0.835282846169
3, -14, 1.0
3, -13, 1.0
3, -12, 1.0
3, -11, 1.0
3, -10, 1.0
3, -9, 1.0
3, -8, 1.0
3, -7, 1.0
3, -6, 1.0
3, -5, 1.0
3, -4, 0.994271078377
3, -3, 0.849606362078
3, -2, 0.835282846169
3, -1, 0.835282846169
3, 0, 0.835282846169
3, 1, 0.835282846169
3, 2, 0.835282846169
3, 3, 0.835282846169
4, -15, 1.0
4, -14, 1.0
4, -13, 1.0
4, -12, 1.0
4, -11, 1.0
4, -10, 1.0
4, -9, 1.0
4, -8, 1.0
4, -7, 1.0
4, -6, 1.0
4, -5, 1.0
4, -4, 0.994271078377
4, -3, 0.849606362078
4, -2, 0.835282846169
4, -1, 0.835282846169
4, 0, 0.835282846169
4, 1, 0.835282846169
4, 2, 0.835282846169
4, 3, 0.835282846169
5, -15, 1.0
5, -14, 1.0
5, -13, 1.0
5, -12, 1.0
5, -11, 1.0
5, -10, 1.0
5, -9, 1.0
5, -8, 1.0
5, -7, 1.0
5, -6, 1.0
5, -5, 1.0
5, -4, 0.994271078377
5, -3, 0.849606362078
5, -2, 0.835282846169
5, -1, 0.835282846169
5, 0, 0.835282846169
5, 1, 0.835282846169
5, 2, 0.835282846169
5, 3, 0.835282846169
6, -15, 1.0
6, -14, 1.0
6, -13, 1.0
6, -12, 1.0
6, -11, 1.0
6, -10, 1.0
6, -9, 1.0
6, -8, 1.0
6, -7, 1.0
6, -6, 1.0
6, -5, 1.0
6, -4, 0.994271078377
6, -3, 0.849606362078
6, -2, 0.835282846169
6, -1, 0.835282846169
6, 0, 0.835282846169
6, 1, 0.835282846169
6, 2, 0.835282846169
6, 3, 0.835282846169
7, -15, 1.0
7, -14, 1.0
7, -13, 1.0
7, -12, 1.0
7, -11, 1.0
7, -10, 1.0
7, -9, 1.0
7, -8, 1.0
7, -7, 1.0
7, -6, 1.0
7, -5, 1.0
7, -4, 0.994271078377
7, -3, 0.849606362078
7, -2, 0.835282846169
7, -1, 0.835282846169
7, 0, 0.835282846169
7, 1, 0.835282846169
7, 2, 0.835282846169
7, 3, 0.835282846169
8, -15, 1.0
8, -14, 1.0
8, -13, 1.0
8, -12, 1.0
8, -11, 1.0
8, -10, 1.0
8, -9, 1.0
8, -8, 1.0
8, -7, 1.0
8, -6, 1.0
8, -5, 1.0
8, -4, 0.994271078377
8, -3, 0.849606362078
8, -2, 0.835282846169
8, -1, 0.835282846169
8, 0, 0.835282846169
8, 1, 0.835282846169
8, 2, 0.835282846169
8, 3, 0.835282846169
9, -15, 1.0
9, -14, 1.0
9, -13, 1.0
9, -12, 1.0
9, -11, 1.0
9, -10, 1.0
9, -9, 1.0
9, -8, 1.0
9, -7, 1.0
9, -6, 1.0
9, -5, 1.0
9, -4, 0.994271078377
9, -3, 0.849606362078
9, -2, 0.835282846169
9, -1, 0.835282846169
9, 0, 0.835282846169
9, 1, 0.835282846169
9, 2, 0.835282846169
9, 3, 0.835282846169
10, -15, 1.0
10, -14, 1.0
10, -13, 1.0
10, -12, 1.0
10, -11, 1.0
10, -10, 1.0
10, -9, 1.0
10, -8, 1.0
10, -7, 1.0
10, -6, 1.0
10, -5, 1.0
10, -4, 0.994271078377
10, -3, 0.849606362078
10, -2, 0.835282846169
10, -1, 0.835282846169
10, 0, 0.835282846169
10, 1, 0.835282846169
10, 2, 0.835282846169
10, 3, 0.835282846169
11, -15, 1.0
11, -14, 1.0
11, -13, 1.0
11, -12, 1.0
11, -11, 1.0
11, -10, 1.0
11, -9, 1.0
11, -8, 1.0
11, -7, 1.0
11, -6, 1.0
11, -5, 1.0
11, -4, 0.994271078377
11, -3, 0.849606362078
11, -2, 0.835282846169
11, -1, 0.835282846169
11, 0, 0.835282846169
11, 1, 0.835282846169
11, 2, 0.835282846169
11, 3, 0.835282846169
12, -15, 1.0
12, -14, 1.0
12, -13, 1.0
12, -12, 1.0
12, -11, 1.0
12, -10, 1.0
12, -9, 1.0
12, -8, 1.0
12, -7, 1.0
12, -6, 1.0
12, -5, 1.0
12, -4, 0.994271078377
12, -3, 0.849606362078
12, -2, 0.835282846169
12, -1, 0.835282846169
12, 0, 0.835282846169
12, 1, 0.835282846169
12, 2, 0.835282846169
12, 3, 0.835282846169
13, -15, 1.0
13, -14, 1.0
13, -13, 1.0
13, -12, 1.0
13, -11, 1.0
13, -10, 1.0
13, -9, 1.0
13, -8, 1.0
13, -7, 1.0
13, -6, 1.0
13, -5, 1.0
13, -4, 0.994271078377
13, -3, 0.849606362078
13, -2, 0.835282846169
13, -1, 0.835282846169
13, 0, 0.835282846169
13, 1, 0.835282846169
13, 2, 0.835282846169
13, 3, 0.835282846169
14, -15, 1.0
14, -14, 1.0
14, -13, 1.0
14, -12, 1.0
14, -11, 1.0
14, -10, 1.0
14, -9, 1.0
14, -8, 1.0
14, -7, 1.0
14, -6, 1.0
14, -5, 1.0
14, -4, 0.994271078377
14, -3, 0.849606362078
14, -2, 0.835282846169
14, -1, 0.835282846169
14, 0, 0.835282846169
14, 1, 0.835282846169
14, 2, 0.835282846169
14, 3, 0.835282846169
15, -15, 1.0
15, -14, 1.0
15, -13, 1.0
15, -12, 1.0
15, -11, 1.0
15, -10, 1.0
15, -9, 1.0
15, -8, 1.0
15, -7, 1.0
15, -6, 1.0
15, -5, 1.0
15, -4, 0.994271078377
15, -3, 0.849606362078
15, -2, 0.835282846169
15, -1, 0.835282846169
15, 0, 0.835282846169
15, 1, 0.835282846169
15, 2, 0.835282846169
15, 3, 0.835282846169
