-5, -15, 0.938450982434
-5, -14, 0.938450982434
-5, -13, 0.938450982434
-5, -12, 0.938450982434
-5, -11, 0.938450982434
-5, -10, 0.938450982434
-5, -9, 0.938450982434
-5, -8, 0.938450982434
-5, -7, 0.938450982434
-5, -6, 0.938450982434
-5, -5, 0.938520426879
-5, -4, 0.970615104391
-5, -3, 0.983744690389
-5, -2, 0.985064520904
-5, -1, 0.970059017921
-5, 0, 0.940812865888
-5, 1, 0.938450982434
-5, 2, 0.938450982434
-5, 3, 0.938450982434
-4, -15, 0.938450982434
-4, -14, 0.938450982434
-4, -13, 0.938450982434
-4, -12, 0.938450982434
-4, -11, 0.938450982434
-4, -10, 0.938450982434
-4, -9, 0.938450982434
-4, -8, 0.938450982434
-4, -7, 0.938450982434
-4, -6, 0.939770619914
-4, -5, 0.978603532664
-4, -4, 0.98805188708
-4, -3, 0.990552997435
-4, -2, 0.990622393554
-4, -1, 0.986940341505
-4, 0, 0.959638489072
-4, 1, 0.940812672785
-4, 2, 0.938450982434
-4, 3, 0.938450982434
-3, -15, 0.938450982434
-3, -14, 0.938450982434
-3, -13, 0.938450982434
-3, -12, 0.938450982434
-3, -11, 0.938450982434
-3, -10, 0.938450982434
-3, -9, 0.938450982434
-3, -8, 0.938450982434
-3, -7, 0.941021247279
-3, -6, 0.981382468989
-3, -5, 0.988816065656
-3, -4, 0.992359132231
-3, -3, 0.992775895482
-3, -2, 0.992914736112
-3, -1, 0.991247200586
-3, 0, 0.975616504098
-3, 1, 0.953247621169
-3, 2, 0.94102105431
-3, 3, 0.938450982434
-2, -15, 0.938450982434
-2, -14, 0.938450982434
-2, -13, 0.938450982434
-2, -12, 0.938450982434
-2, -11, 0.938450982434
-2, -10, 0.938450982434
-2, -9, 0.938450982434
-2, -8, 0.94241042572
-2, -7, 0.981937976219
-2, -6, 0.989024398989
-2, -5, 0.992845388119
-2, -4, 0.993817851702
-2, -3, 0.994095484703
-2, -2, 0.994026040259
-2, -1, 0.993053625068
-2, 0, 0.986870220967
-2, 1, 0.964918246133
-2, 2, 0.950746848894
-2, 3, 0.939562286581
-1, -15, 0.938450982434
-1, -14, 0.938450982434
-1, -13, 0.938450982434
-1, -12, 0.938450982434
-1, -11, 0.938450982434
-1, -10, 0.938450982434
-1, -9, 0.943035667149
-1, -8, 0.982285536387
-1, -7, 0.988954906219
-1, -6, 0.992984228749
-1, -5, 0.994165267094
-1, -4, 0.994512441057
-1, -3, 0.994234470177
-1, -2, 0.994026040259
-1, -1, 0.994373552101
-1, 0, 0.991177804199
-1, 1, 0.975477180746
-1, 2, 0.961166846224
-1, 3, 0.945536536344
0, -15, 0.938450982434
0, -14, 0.938450982434
0, -13, 0.938450982434
0, -12, 0.938450982434
0, -11, 0.938450982434
0, -10, 0.943452478659
0, -9, 0.982493917979
0, -8, 0.989024350596
0, -7, 0.992914880889
0, -6, 0.994095822649
0, -5, 0.99458193376
0, -4, 0.994373503909
0, -3, 0.994303914621
0, -2, 0.994651185102
0, -1, 0.99423447011
0, 0, 0.992706161284
0, 1, 0.983466767566
0, 2, 0.97012817241
0, 3, 0.953455809793
1, -15, 0.938450982434
1, -14, 0.938450982434
1, -13, 0.938450982434
1, -12, 0.938450982434
1, -11, 0.943521923103
1, -10, 0.982632951711
1, -9, 0.989093843299
1, -8, 0.992984325333
1, -7, 0.994304059398
1, -6, 0.994790267094
1, -5, 0.994442900028
1, -4, 0.99430396288
1, -3, 0.994998552101
1, -2, 0.99472062948
1, -1, 0.994303914621
1, 0, 0.992914494684
1, 1, 0.986106718484
1, 2, 0.975060707249
1, 3, 0.957762716797
2, -15, 0.938450982434
2, -14, 0.938450982434
2, -13, 0.938450982434
2, -12, 0.943591367548
2, -11, 0.982702492741
2, -10, 0.989024398855
2, -9, 0.992984325333
2, -8, 0.994373552101
2, -7, 0.994581837176
2, -6, 0.994442900028
2, -5, 0.994442851702
2, -4, 0.994859663212
2, -3, 0.995067996546
2, -2, 0.994859614886
2, -1, 0.99409533986
2, 0, 0.992497683174
2, 1, 0.985828795863
2, 2, 0.97443546582
2, 3, 0.957623779649
3, -15, 0.938450982434
3, -14, 0.938450982434
3, -13, 0.943591367548
3, -12, 0.98277203377
3, -11, 0.989024398855
3, -10, 0.992984325333
3, -9, 0.994373552101
3, -8, 0.994581837176
3, -7, 0.994234566695
3, -6, 0.994512247888
3, -5, 0.994859663212
3, -4, 0.995206981952
3, -3, 0.995068044804
3, -2, 0.994651185102
3, -1, 0.993747972794
3, 0, 0.992150316108
3, 1, 0.985481525315
3, 2, 0.973879862006
3, 3, 0.957693224094
4, -15, 0.938450982434
4, -14, 0.943591367548
4, -13, 0.98277203377
4, -12, 0.989024398855
4, -11, 0.992984325333
4, -10, 0.994442996546
4, -9, 0.994581788917
4, -8, 0.994165073991
4, -7, 0.994164832563
4, -6, 0.994790218768
4, -5, 0.995137585834
4, -4, 0.995276522981
4, -3, 0.995137489249
4, -2, 0.994651088518
4, -1, 0.993470195016
4, 0, 0.991872490004
4, 1, 0.984925873242
4, 2, 0.973740876532
4, 3, 0.957693224094
5, -15, 0.943591367548
5, -14, 0.98277203377
5, -13, 0.989024398855
5, -12, 0.992984325333
5, -11, 0.994442996546
5, -10, 0.994581788917
5, -9, 0.994095629547
5, -8, 0.993817562082
5, -7, 0.994720725997
5, -6, 0.995068141389
5, -5, 0.995207078537
5, -4, 0.994859518369
5, -3, 0.994859421784
5, -2, 0.994234277007
5, -1, 0.99340079883
5, 0, 0.991386282376
5, 1, 0.984648095464
5, 2, 0.973740876532
5, 3, 0.957693224094
6, -15, 0.98277203377
6, -14, 0.989024398855
6, -13, 0.992984325333
6, -12, 0.994442996546
6, -11, 0.994581788917
6, -10, 0.993887199696
6, -9, 0.993748165896
6, -8, 0.994720677739
6, -7, 0.995137489249
6, -6, 0.995137585834
6, -5, 0.995068044804
6, -4, 0.994928914487
6, -3, 0.9944426586
6, -2, 0.99347014669
6, -1, 0.992984035579
6, 0, 0.991177997301
6, 1, 0.984648095464
6, 2, 0.973740876532
6, 3, 0.957693224094
7, -15, 0.989024398855
7, -14, 0.992984325333
7, -13, 0.994442996546
7, -12, 0.994581788917
7, -11, 0.993887199696
7, -10, 0.993609180423
7, -9, 0.994581692332
7, -8, 0.995068093063
7, -7, 0.994929155915
7, -6, 0.995068044737
7, -5, 0.995206933626
7, -4, 0.99444246543
7, -3, 0.994095436377
7, -2, 0.992497634781
7, -1, 0.992775750505
7, 0, 0.99117804556
7, 1, 0.984648095464
7, 2, 0.973740876532
7, 3, 0.957693224094
8, -15, 0.992984325333
8, -14, 0.994442996546
8, -13, 0.994581788917
8, -12, 0.993887199696
8, -11, 0.993609180423
8, -10, 0.994581692332
8, -9, 0.994859711471
8, -8, 0.994720677739
8, -7, 0.995137537441
8, -6, 0.995137489182
8, -5, 0.994928914554
8, -4, 0.994372924468
8, -3, 0.992844808744
8, -2, 0.991872538263
8, -1, 0.992636813357
8, 0, 0.99117804556
8, 1, 0.984648095464
8, 2, 0.973740876532
8, 3, 0.957693224094
9, -15, 0.994442996546
9, -14, 0.994581788917
9, -13, 0.993887199696
9, -12, 0.993609180423
9, -11, 0.994581692332
9, -10, 0.994859711471
9, -9, 0.994581740524
9, -8, 0.994790267027
9, -7, 0.994998648552
9, -6, 0.99506794822
9, -5, 0.994234035579
9, -4, 0.993400509143
9, -3, 0.991872345228
9, -2, 0.992080823338
9, -1, 0.992636813357
9, 0, 0.99117804556
9, 1, 0.984648095464
9, 2, 0.973740876532
9, 3, 0.957693224094
10, -15, 0.994581788917
10, -14, 0.993887199696
10, -13, 0.993609180423
10, -12, 0.994581692332
10, -11, 0.994859711471
10, -10, 0.994651184968
10, -9, 0.994651329812
10, -8, 0.994998648552
10, -7, 0.995276378071
10, -6, 0.994581499163
10, -5, 0.993956112891
10, -4, 0.992705823271
10, -3, 0.991872248643
10, -2, 0.991802949042
10, -1, 0.992636813357
10, 0, 0.99117804556
10, 1, 0.984648095464
10, 2, 0.973740876532
10, 3, 0.957693224094
11, -15, 0.993887199696
11, -14, 0.993609180423
11, -13, 0.994581692332
11, -12, 0.994929204174
11, -11, 0.994581740524
11, -10, 0.994651136642
11, -9, 0.994859614819
11, -8, 0.995415266959
11, -7, 0.995137344405
11, -6, 0.993817127484
11, -5, 0.992983842477
11, -4, 0.992010992554
11, -3, 0.991386089273
11, -2, 0.991802949042
11, -1, 0.992636813357
11, 0, 0.99117804556
11, 1, 0.984648095464
11, 2, 0.973740876532
11, 3, 0.957693224094
12, -15, 0.993609180423
12, -14, 0.994581692332
12, -13, 0.994929204174
12, -12, 0.994512296079
12, -11, 0.995067948152
12, -10, 0.994929059264
12, -9, 0.995206981818
12, -8, 0.995206933626
12, -7, 0.994372924401
12, -6, 0.993608697499
12, -5, 0.992219470731
12, -4, 0.991247055474
12, -3, 0.991386089273
12, -2, 0.991802949042
12, -1, 0.992636813357
12, 0, 0.99117804556
12, 1, 0.984648095464
12, 2, 0.973740876532
12, 3, 0.957693224094
13, -15, 0.994581692332
13, -14, 0.994929204174
13, -13, 0.994442803376
13, -12, 0.99492891442
13, -11, 0.994789977272
13, -10, 0.995206933559
13, -9, 0.995415266892
13, -8, 0.994789929013
13, -7, 0.993678045426
13, -6, 0.992775316041
13, -5, 0.991524784925
13, -4, 0.990969277763
13, -3, 0.991386089273
13, -2, 0.991802949042
13, -1, 0.992636813357
13, 0, 0.99117804556
13, 1, 0.984648095464
13, 2, 0.973740876532
13, 3, 0.957693224094
14, -15, 0.994929204174
14, -14, 0.994442851635
14, -13, 0.99492891442
14, -12, 0.994859421717
14, -11, 0.994998503708
14, -10, 0.995276329678
14, -9, 0.995137440923
14, -8, 0.994303528215
14, -7, 0.99360864924
14, -6, 0.991872055406
14, -5, 0.990969132785
14, -4, 0.990969277763
14, -3, 0.991386089273
14, -2, 0.991802949042
14, -1, 0.992636813357
14, 0, 0.99117804556
14, 1, 0.984648095464
14, 2, 0.973740876532
14, 3, 0.957693224094
15, -15, 0.994581740524
15, -14, 0.994789977272
15, -13, 0.994859421717
15, -12, 0.995067948152
15, -11, 0.995276281419
15, -10, 0.995276329745
15, -9, 0.99465094354
15, -8, 0.993816982573
15, -7, 0.992497393487
15, -6, 0.991594277629
15, -5, 0.991108070067
15, -4, 0.990969277763
15, -3, 0.991386089273
15, -2, 0.991802949042
15, -1, 0.992636813357
15, 0, 0.99117804556
15, 1, 0.984648095464
15, 2, 0.973740876532
15, 3, 0.957693224094
