-5, -15, 0.851063829787
-5, -14, 0.851063829787
-5, -13, 0.851063829787
-5, -12, 0.851063829787
-5, -11, 0.851063829787
-5, -10, 0.851063829787
-5, -9, 0.851063829787
-5, -8, 0.851063829787
-5, -7, 0.851063829787
-5, -6, 0.851063829787
-5, -5, 0.851063829787
-5, -4, 0.851063829787
-5, -3, 0.851063829787
-5, -2, 0.851063829787
-5, -1, 0.851063829787
-5, 0, 0.851063829787
-5, 1, 0.851063829787
-5, 2, 0.851063829787
-5, 3, 0.851063829787
-4, -15, 0.851063829787
-4, -14, 0.851063829787
-4, -13, 0.851063829787
-4, -12, 0.851063829787
-4, -11, 0.851063829787
-4, -10, 0.851063829787
-4, -9, 0.851063829787
-4, -8, 0.851063829787
-4, -7, 0.851063829787
-4, -6, 0.851063829787
-4, -5, 0.851063829787
-4, -4, 0.851063829787
-4, -3, 0.851063829787
-4, -2, 0.851063829787
-4, -1, 0.851063829787
-4, 0, 0.851063829787
-4, 1, 0.851063829787
-4, 2, 0.851063829787
-4, 3, 0.851063829787
-3, -15, 0.851063829787
-3, -14, 0.851063829787
-3, -13, 0.851063829787
-3, -12, 0.851063829787
-3, -11, 0.851063829787
-3, -10, 0.851063829787
-3, -9, 0.851063829787
-3, -8, 0.851063829787
-3, -7, 0.851063829787
-3, -6, 0.851063829787
-3, -5, 0.851063829787
-3, -4, 0.851063829787
-3, -3, 0.851063829787
-3, -2, 0.851063829787
-3, -1, 0.851063829787
-3, 0, 0.851063829787
-3, 1, 0.851063829787
-3, 2, 0.851063829787
-3, 3, 0.851063829787
-2, -15, 0.851063829787
-2, -14, 0.851063829787
-2, -13, 0.851063829787
-2, -12, 0.851063829787
-2, -11, 0.851063829787
-2, -10, 0.851063829787
-2, -9, 0.851063829787
-2, -8, 0.851063829787
-2, -7, 0.851063829787
-2, -6, 0.851063829787
-2, -5, 0.851063829787
-2, -4, 0.851063829787
-2, -3, 0.851063829787
-2, -2, 0.851063829787
-2, -1, 0.851063829787
-2, 0, 0.851063829787
-2, 1, 0.848936170213
-2, 2, 0.851063829787
-2, 3, 0.851063829787
-1, -15, 0.851063829787
-1, -14, 0.851063829787
-1, -13, 0.851063829787
-1, -12, 0.851063829787
-1, -11, 0.851063829787
-1, -10, 0.851063829787
-1, -9, 0.851063829787
-1, -8, 0.851063829787
-1, -7, 0.851063829787
-1, -6, 0.851063829787
-1, -5, 0.851063829787
-1, -4, 0.851063829787
-1, -3, 0.851063829787
-1, -2, 0.851063829787
-1, -1, 0.851063829787
-1, 0, 0.848936170213
-1, 1, 0.851063829787
-1, 2, 0.848936170213
-1, 3, 0.848936170213
0, -15, 0.851063829787
0, -14, 0.851063829787
0, -13, 0.851063829787
0, -12, 0.851063829787
0, -11, 0.851063829787
0, -10, 0.851063829787
0, -9, 0.851063829787
0, -8, 0.851063829787
0, -7, 0.851063829787
0, -6, 0.851063829787
0, -5, 0.851063829787
0, -4, 0.851063829787
0, -3, 0.851063829787
0, -2, 0.848936170213
0, -1, 0.846808510638
0, 0, 0.848936170213
0, 1, 0.846808510638
0, 2, 0.855319148936
0, 3, 0.851063829787
1, -15, 0.851063829787
1, -14, 0.851063829787
1, -13, 0.851063829787
1, -12, 0.851063829787
1, -11, 0.851063829787
1, -10, 0.851063829787
1, -9, 0.851063829787
1, -8, 0.851063829787
1, -7, 0.851063829787
1, -6, 0.851063829787
1, -5, 0.851063829787
1, -4, 0.851063829787
1, -3, 0.846808510638
1, -2, 0.842553191489
1, -1, 0.842553191489
1, 0, 0.844680851064
1, 1, 0.842553191489
1, 2, 0.840425531915
1, 3, 0.840425531915
2, -15, 0.851063829787
2, -14, 0.851063829787
2, -13, 0.851063829787
2, -12, 0.851063829787
2, -11, 0.851063829787
2, -10, 0.851063829787
2, -9, 0.851063829787
2, -8, 0.851063829787
2, -7, 0.851063829787
2, -6, 0.851063829787
2, -5, 0.851063829787
2, -4, 0.846808510638
2, -3, 0.842553191489
2, -2, 0.840425531915
2, -1, 0.836170212766
2, 0, 0.840425531915
2, 1, 0.836170212766
2, 2, 0.83829787234
2, 3, 0.840425531915
3, -15, 0.851063829787
3, -14, 0.851063829787
3, -13, 0.851063829787
3, -12, 0.851063829787
3, -11, 0.851063829787
3, -10, 0.851063829787
3, -9, 0.851063829787
3, -8, 0.851063829787
3, -7, 0.851063829787
3, -6, 0.851063829787
3, -5, 0.846808510638
3, -4, 0.842553191489
3, -3, 0.83829787234
3, -2, 0.83829787234
3, -1, 0.834042553191
3, 0, 0.836170212766
3, 1, 0.836170212766
3, 2, 0.83829787234
3, 3, 0.836170212766
4, -15, 0.851063829787
4, -14, 0.851063829787
4, -13, 0.851063829787
4, -12, 0.851063829787
4, -11, 0.851063829787
4, -10, 0.851063829787
4, -9, 0.851063829787
4, -8, 0.851063829787
4, -7, 0.851063829787
4, -6, 0.851063829787
4, -5, 0.83829787234
4, -4, 0.836170212766
4, -3, 0.827659574468
4, -2, 0.83829787234
4, -1, 0.829787234043
4, 0, 0.834042553191
4, 1, 0.836170212766
4, 2, 0.834042553191
4, 3, 0.829787234043
5, -15, 0.851063829787
5, -14, 0.851063829787
5, -13, 0.851063829787
5, -12, 0.851063829787
5, -11, 0.851063829787
5, -10, 0.851063829787
5, -9, 0.851063829787
5, -8, 0.851063829787
5, -7, 0.851063829787
5, -6, 0.840425531915
5, -5, 0.834042553191
5, -4, 0.825531914894
5, -3, 0.827659574468
5, -2, 0.831914893617
5, -1, 0.827659574468
5, 0, 0.834042553191
5, 1, 0.834042553191
5, 2, 0.831914893617
5, 3, 0.823404255319
6, -15, 0.851063829787
6, -14, 0.851063829787
6, -13, 0.851063829787
6, -12, 0.851063829787
6, -11, 0.851063829787
6, -10, 0.851063829787
6, -9, 0.851063829787
6, -8, 0.851063829787
6, -7, 0.840425531915
6, -6, 0.83829787234
6, -5, 0.834042553191
6, -4, 0.821276595745
6, -3, 0.825531914894
6, -2, 0.812765957447
6, -1, 0.827659574468
6, 0, 0.829787234043
6, 1, 0.829787234043
6, 2, 0.823404255319
6, 3, 0.81914893617
7, -15, 0.851063829787
7, -14, 0.851063829787
7, -13, 0.851063829787
7, -12, 0.851063829787
7, -11, 0.851063829787
7, -10, 0.851063829787
7, -9, 0.851063829787
7, -8, 0.840425531915
7, -7, 0.840425531915
7, -6, 0.836170212766
7, -5, 0.821276595745
7, -4, 0.825531914894
7, -3, 0.81914893617
7, -2, 0.810638297872
7, -1, 0.825531914894
7, 0, 0.829787234043
7, 1, 0.823404255319
7, 2, 0.817021276596
7, 3, 0.81914893617
8, -15, 0.851063829787
8, -14, 0.851063829787
8, -13, 0.851063829787
8, -12, 0.851063829787
8, -11, 0.851063829787
8, -10, 0.851063829787
8, -9, 0.840425531915
8, -8, 0.840425531915
8, -7, 0.83829787234
8, -6, 0.834042553191
8, -5, 0.823404255319
8, -4, 0.829787234043
8, -3, 0.804255319149
8, -2, 0.810638297872
8, -1, 0.812765957447
8, 0, 0.821276595745
8, 1, 0.821276595745
8, 2, 0.814893617021
8, 3, 0.817021276596
9, -15, 0.851063829787
9, -14, 0.851063829787
9, -13, 0.851063829787
9, -12, 0.851063829787
9, -11, 0.851063829787
9, -10, 0.840425531915
9, -9, 0.840425531915
9, -8, 0.840425531915
9, -7, 0.836170212766
9, -6, 0.821276595745
9, -5, 0.814893617021
9, -4, 0.81914893617
9, -3, 0.810638297872
9, -2, 0.791489361702
9, -1, 0.8
9, 0, 0.821276595745
9, 1, 0.81914893617
9, 2, 0.812765957447
9, 3, 0.812765957447
10, -15, 0.851063829787
10, -14, 0.851063829787
10, -13, 0.851063829787
10, -12, 0.851063829787
10, -11, 0.840425531915
10, -10, 0.840425531915
10, -9, 0.840425531915
10, -8, 0.836170212766
10, -7, 0.834042553191
10, -6, 0.823404255319
10, -5, 0.814893617021
10, -4, 0.810638297872
10, -3, 0.802127659574
10, -2, 0.793617021277
10, -1, 0.797872340426
10, 0, 0.817021276596
10, 1, 0.812765957447
10, 2, 0.810638297872
10, 3, 0.812765957447
11, -15, 0.851063829787
11, -14, 0.851063829787
11, -13, 0.851063829787
11, -12, 0.840425531915
11, -11, 0.840425531915
11, -10, 0.840425531915
11, -9, 0.840425531915
11, -8, 0.834042553191
11, -7, 0.821276595745
11, -6, 0.814893617021
11, -5, 0.804255319149
11, -4, 0.806382978723
11, -3, 0.778723404255
11, -2, 0.789361702128
11, -1, 0.791489361702
11, 0, 0.808510638298
11, 1, 0.812765957447
11, 2, 0.810638297872
11, 3, 0.808510638298
12, -15, 0.851063829787
12, -14, 0.851063829787
12, -13, 0.840425531915
12, -12, 0.840425531915
12, -11, 0.840425531915
12, -10, 0.840425531915
12, -9, 0.836170212766
12, -8, 0.831914893617
12, -7, 0.827659574468
12, -6, 0.812765957447
12, -5, 0.8
12, -4, 0.797872340426
12, -3, 0.774468085106
12, -2, 0.778723404255
12, -1, 0.782978723404
12, 0, 0.808510638298
12, 1, 0.808510638298
12, 2, 0.810638297872
12, 3, 0.8
13, -15, 0.851063829787
13, -14, 0.840425531915
13, -13, 0.840425531915
13, -12, 0.840425531915
13, -11, 0.840425531915
13, -10, 0.842553191489
13, -9, 0.834042553191
13, -8, 0.825531914894
13, -7, 0.814893617021
13, -6, 0.808510638298
13, -5, 0.8
13, -4, 0.782978723404
13, -3, 0.770212765957
13, -2, 0.768085106383
13, -1, 0.782978723404
13, 0, 0.808510638298
13, 1, 0.810638297872
13, 2, 0.808510638298
13, 3, 0.8
14, -15, 0.840425531915
14, -14, 0.840425531915
14, -13, 0.840425531915
14, -12, 0.840425531915
14, -11, 0.840425531915
14, -10, 0.836170212766
14, -9, 0.831914893617
14, -8, 0.825531914894
14, -7, 0.810638297872
14, -6, 0.802127659574
14, -5, 0.791489361702
14, -4, 0.774468085106
14, -3, 0.763829787234
14, -2, 0.772340425532
14, -1, 0.787234042553
14, 0, 0.808510638298
14, 1, 0.808510638298
14, 2, 0.8
14, 3, 0.802127659574
15, -15, 0.840425531915
15, -14, 0.840425531915
15, -13, 0.840425531915
15, -12, 0.840425531915
15, -11, 0.840425531915
15, -10, 0.831914893617
15, -9, 0.821276595745
15, -8, 0.814893617021
15, -7, 0.804255319149
15, -6, 0.802127659574
15, -5, 0.778723404255
15, -4, 0.770212765957
15, -3, 0.753191489362
15, -2, 0.763829787234
15, -1, 0.793617021277
15, 0, 0.804255319149
15, 1, 0.812765957447
15, 2, 0.795744680851
15, 3, 0.806382978723
