-5, -15, 0.62
-5, -14, 0.62
-5, -13, 0.62
-5, -12, 0.62
-5, -11, 0.62
-5, -10, 0.62
-5, -9, 0.62
-5, -8, 0.62
-5, -7, 0.62
-5, -6, 0.62
-5, -5, 0.62
-5, -4, 0.62
-5, -3, 0.62
-5, -2, 0.62
-5, -1, 0.62
-5, 0, 0.62
-5, 1, 0.62
-5, 2, 0.62
-5, 3, 0.62
-4, -15, 0.62
-4, -14, 0.62
-4, -13, 0.62
-4, -12, 0.62
-4, -11, 0.62
-4, -10, 0.62
-4, -9, 0.62
-4, -8, 0.62
-4, -7, 0.62
-4, -6, 0.62
-4, -5, 0.62
-4, -4, 0.62
-4, -3, 0.62
-4, -2, 0.62
-4, -1, 0.62
-4, 0, 0.62
-4, 1, 0.62
-4, 2, 0.62
-4, 3, 0.62
-3, -15, 0.62
-3, -14, 0.62
-3, -13, 0.62
-3, -12, 0.62
-3, -11, 0.62
-3, -10, 0.62
-3, -9, 0.62
-3, -8, 0.62
-3, -7, 0.62
-3, -6, 0.62
-3, -5, 0.62
-3, -4, 0.62
-3, -3, 0.62
-3, -2, 0.62
-3, -1, 0.62
-3, 0, 0.62
-3, 1, 0.706666666667
-3, 2, 0.733333333333
-3, 3, 0.62
-2, -15, 0.62
-2, -14, 0.62
-2, -13, 0.62
-2, -12, 0.62
-2, -11, 0.62
-2, -10, 0.62
-2, -9, 0.62
-2, -8, 0.62
-2, -7, 0.62
-2, -6, 0.62
-2, -5, 0.62
-2, -4, 0.62
-2, -3, 0.62
-2, -2, 0.62
-2, -1, 0.686666666667
-2, 0, 0.88
-2, 1, 0.9
-2, 2, 0.9
-2, 3, 0.9
-1, -15, 0.62
-1, -14, 0.62
-1, -13, 0.62
-1, -12, 0.62
-1, -11, 0.62
-1, -10, 0.62
-1, -9, 0.62
-1, -8, 0.62
-1, -7, 0.62
-1, -6, 0.62
-1, -5, 0.62
-1, -4, 0.62
-1, -3, 0.62
-1, -2, 0.686666666667
-1, -1, 0.88
-1, 0, 0.9
-1, 1, 0.9
-1, 2, 0.9
-1, 3, 0.9
0, -15, 0.62
0, -14, 0.62
0, -13, 0.62
0, -12, 0.62
0, -11, 0.62
0, -10, 0.62
0, -9, 0.62
0, -8, 0.62
0, -7, 0.62
0, -6, 0.62
0, -5, 0.62
0, -4, 0.62
0, -3, 0.686666666667
0, -2, 0.88
0, -1, 0.9
0, 0, 0.9
0, 1, 0.9
0, 2, 0.9
0, 3, 0.94
1, -15, 0.62
1, -14, 0.62
1, -13, 0.62
1, -12, 0.62
1, -11, 0.62
1, -10, 0.62
1, -9, 0.62
1, -8, 0.62
1, -7, 0.62
1, -6, 0.62
1, -5, 0.62
1, -4, 0.706666666667
1, -3, 0.88
1, -2, 0.9
1, -1, 0.9
1, 0, 0.9
1, 1, 0.886666666667
1, 2, 0.906666666667
1, 3, 0.94
2, -15, 0.62
2, -14, 0.62
2, -13, 0.62
2, -12, 0.62
2, -11, 0.62
2, -10, 0.62
2, -9, 0.62
2, -8, 0.62
2, -7, 0.62
2, -6, 0.62
2, -5, 0.706666666667
2, -4, 0.86
2, -3, 0.9
2, -2, 0.92
2, -1, 0.9
2, 0, 0.886666666667
2, 1, 0.926666666667
2, 2, 0.98
2, 3, 0.886666666667
3, -15, 0.62
3, -14, 0.62
3, -13, 0.62
3, -12, 0.62
3, -11, 0.62
3, -10, 0.62
3, -9, 0.62
3, -8, 0.62
3, -7, 0.62
3, -6, 0.706666666667
3, -5, 0.88
3, -4, 0.9
3, -3, 0.92
3, -2, 0.94
3, -1, 0.92
3, 0, 0.946666666667
3, 1, 0.94
3, 2, 0.886666666667
3, 3, 0.886666666667
4, -15, 0.62
4, -14, 0.62
4, -13, 0.62
4, -12, 0.62
4, -11, 0.62
4, -10, 0.62
4, -9, 0.62
4, -8, 0.62
4, -7, 0.706666666667
4, -6, 0.88
4, -5, 0.9
4, -4, 0.92
4, -3, 0.96
4, -2, 0.94
4, -1, 0.926666666667
4, 0, 0.98
4, 1, 0.926666666667
4, 2, 0.926666666667
4, 3, 0.906666666667
5, -15, 0.62
5, -14, 0.62
5, -13, 0.62
5, -12, 0.62
5, -11, 0.62
5, -10, 0.62
5, -9, 0.62
5, -8, 0.706666666667
5, -7, 0.88
5, -6, 0.9
5, -5, 0.92
5, -4, 0.94
5, -3, 0.96
5, -2, 0.94
5, -1, 0.96
5, 0, 0.96
5, 1, 0.946666666667
5, 2, 0.926666666667
5, 3, 0.906666666667
6, -15, 0.62
6, -14, 0.62
6, -13, 0.62
6, -12, 0.62
6, -11, 0.62
6, -10, 0.62
6, -9, 0.706666666667
6, -8, 0.88
6, -7, 0.9
6, -6, 0.92
6, -5, 0.94
6, -4, 0.94
6, -3, 0.9
6, -2, 0.94
6, -1, 0.96
6, 0, 0.926666666667
6, 1, 0.926666666667
6, 2, 0.926666666667
6, 3, 0.906666666667
7, -15, 0.62
7, -14, 0.62
7, -13, 0.62
7, -12, 0.62
7, -11, 0.62
7, -10, 0.706666666667
7, -9, 0.88
7, -8, 0.9
7, -7, 0.92
7, -6, 0.94
7, -5, 0.92
7, -4, 0.9
7, -3, 0.866666666667
7, -2, 0.98
7, -1, 0.926666666667
7, 0, 0.926666666667
7, 1, 0.96
7, 2, 0.926666666667
7, 3, 0.906666666667
8, -15, 0.62
8, -14, 0.62
8, -13, 0.62
8, -12, 0.62
8, -11, 0.706666666667
8, -10, 0.88
8, -9, 0.9
8, -8, 0.92
8, -7, 0.94
8, -6, 0.92
8, -5, 0.92
8, -4, 0.88
8, -3, 0.98
8, -2, 0.96
8, -1, 0.926666666667
8, 0, 0.96
8, 1, 0.96
8, 2, 0.926666666667
8, 3, 0.906666666667
9, -15, 0.62
9, -14, 0.62
9, -13, 0.62
9, -12, 0.706666666667
9, -11, 0.88
9, -10, 0.9
9, -9, 0.92
9, -8, 0.94
9, -7, 0.92
9, -6, 0.92
9, -5, 0.9
9, -4, 0.92
9, -3, 0.96
9, -2, 0.926666666667
9, -1, 0.94
9, 0, 0.96
9, 1, 0.96
9, 2, 0.926666666667
9, 3, 0.906666666667
10, -15, 0.62
10, -14, 0.62
10, -13, 0.706666666667
10, -12, 0.88
10, -11, 0.9
10, -10, 0.92
10, -9, 0.94
10, -8, 0.92
10, -7, 0.92
10, -6, 0.9
10, -5, 0.9
10, -4, 0.96
10, -3, 0.94
10, -2, 0.94
10, -1, 0.94
10, 0, 0.96
10, 1, 0.96
10, 2, 0.926666666667
10, 3, 0.906666666667
11, -15, 0.62
11, -14, 0.706666666667
11, -13, 0.88
11, -12, 0.9
11, -11, 0.92
11, -10, 0.94
11, -9, 0.92
11, -8, 0.92
11, -7, 0.9
11, -6, 0.9
11, -5, 0.94
11, -4, 0.94
11, -3, 0.94
11, -2, 0.94
11, -1, 0.94
11, 0, 0.96
11, 1, 0.96
11, 2, 0.926666666667
11, 3, 0.906666666667
12, -15, 0.706666666667
12, -14, 0.88
12, -13, 0.9
12, -12, 0.92
12, -11, 0.94
12, -10, 0.92
12, -9, 0.92
12, -8, 0.9
12, -7, 0.9
12, -6, 0.9
12, -5, 0.94
12, -4, 0.94
12, -3, 0.94
12, -2, 0.94
12, -1, 0.94
12, 0, 0.96
12, 1, 0.96
12, 2, 0.926666666667
12, 3, 0.906666666667
13, -15, 0.88
13, -14, 0.9
13, -13, 0.92
13, -12, 0.94
13, -11, 0.92
13, -10, 0.92
13, -9, 0.9
13, -8, 0.9
13, -7, 0.9
13, -6, 0.92
13, -5, 0.94
13, -4, 0.94
13, -3, 0.94
13, -2, 0.94
13, -1, 0.94
13, 0, 0.96
13, 1, 0.96
13, 2, 0.926666666667
13, 3, 0.906666666667
14, -15, 0.9
14, -14, 0.92
14, -13, 0.94
14, -12, 0.92
14, -11, 0.92
14, -10, 0.9
14, -9, 0.9
14, -8, 0.88
14, -7, 0.9
14, -6, 0.94
14, -5, 0.94
14, -4, 0.94
14, -3, 0.94
14, -2, 0.94
14, -1, 0.94
14, 0, 0.96
14, 1, 0.96
14, 2, 0.926666666667
14, 3, 0.906666666667
15, -15, 0.92
15, -14, 0.94
15, -13, 0.92
15, -12, 0.92
15, -11, 0.9
15, -10, 0.9
15, -9, 0.88
15, -8, 0.88
15, -7, 0.9
15, -6, 0.92
15, -5, 0.94
15, -4, 0.94
15, -3, 0.94
15, -2, 0.94
15, -1, 0.94
15, 0, 0.96
15, 1, 0.96
15, 2, 0.926666666667
15, 3, 0.906666666667
