-5, -15, 0.532552651421
-5, -14, 0.532552651421
-5, -13, 0.532552651421
-5, -12, 0.532552651421
-5, -11, 0.532552651421
-5, -10, 0.532552651421
-5, -9, 0.532552651421
-5, -8, 0.532552651421
-5, -7, 0.571953001143
-5, -6, 0.752209428778
-5, -5, 0.799815321479
-5, -4, 0.813962484928
-5, -3, 0.820959614771
-5, -2, 0.826587806871
-5, -1, 0.832824132322
-5, 0, 0.837994777445
-5, 1, 0.840731729767
-5, 2, 0.839363484572
-5, 3, 0.834495866249
-4, -15, 0.532552651421
-4, -14, 0.532552651421
-4, -13, 0.532552651421
-4, -12, 0.532552651421
-4, -11, 0.532552651421
-4, -10, 0.532552651421
-4, -9, 0.532552651421
-4, -8, 0.573321938887
-4, -7, 0.752512918914
-4, -6, 0.799814859546
-4, -5, 0.813962484928
-4, -4, 0.821416004458
-4, -3, 0.827044659193
-4, -2, 0.834648305972
-4, -1, 0.84225495637
-4, 0, 0.847124191109
-4, 1, 0.848340691937
-4, 2, 0.847883145662
-4, 3, 0.843319709322
-3, -15, 0.532552651421
-3, -14, 0.532552651421
-3, -13, 0.532552651421
-3, -12, 0.532552651421
-3, -11, 0.532552651421
-3, -10, 0.532552651421
-3, -9, 0.57362635289
-3, -8, 0.752969770534
-3, -7, 0.800119042231
-3, -6, 0.814114922545
-3, -5, 0.821872394145
-3, -4, 0.82750104888
-3, -3, 0.835865500051
-3, -2, 0.842406468716
-3, -1, 0.851383907399
-3, 0, 0.855795829286
-3, 1, 0.857317667984
-3, 2, 0.856101860407
-3, 3, 0.84895229084
-2, -15, 0.532552651421
-2, -14, 0.532552651421
-2, -13, 0.532552651421
-2, -12, 0.532552651421
-2, -11, 0.532552651421
-2, -10, 0.573930766893
-2, -9, 0.752969770534
-2, -8, 0.799967066547
-2, -7, 0.814114691929
-2, -6, 0.821720187143
-2, -5, 0.827349535129
-2, -4, 0.835712831116
-2, -3, 0.841645434411
-2, -2, 0.852601562709
-2, -1, 0.859141379701
-2, 0, 0.863096681286
-2, 1, 0.865073522466
-2, 2, 0.860514476247
-2, 3, 0.856709995864
-1, -15, 0.532552651421
-1, -14, 0.532552651421
-1, -13, 0.532552651421
-1, -12, 0.532552651421
-1, -11, 0.574538439013
-1, -10, 0.753274184537
-1, -9, 0.800119042231
-1, -8, 0.814571081616
-1, -7, 0.822024601146
-1, -6, 0.82750104888
-1, -5, 0.835865500753
-1, -4, 0.841037299656
-1, -3, 0.849557653996
-1, -2, 0.857012793452
-1, -1, 0.864465853857
-1, 0, 0.867355243796
-1, 1, 0.867355011776
-1, 2, 0.865074678352
-1, 3, 0.861730053209
0, -15, 0.532552651421
0, -14, 0.532552651421
0, -13, 0.532552651421
0, -12, 0.574690646014
0, -11, 0.753274184537
0, -10, 0.800119042231
0, -9, 0.814418874615
0, -8, 0.822176808148
0, -7, 0.82750104888
0, -6, 0.83556108675
0, -5, 0.840124520282
0, -4, 0.84834115387
0, -3, 0.856710227884
0, -2, 0.863856331898
0, -1, 0.867657116113
0, 0, 0.869787782816
0, 1, 0.871309850726
0, 2, 0.869639963128
0, 3, 0.866292797
1, -15, 0.532552651421
1, -14, 0.532552651421
1, -13, 0.574690646014
1, -12, 0.753274184537
1, -11, 0.800119042231
1, -10, 0.814114460611
1, -9, 0.822024601146
1, -8, 0.827348841878
1, -7, 0.835712831818
1, -6, 0.840124058349
1, -5, 0.848189178186
1, -4, 0.854580716364
1, -3, 0.860663450418
1, -2, 0.867355475113
1, -1, 0.868568740303
1, 0, 0.869178491473
1, 1, 0.870397993814
1, 2, 0.86857359025
1, 3, 0.862336112423
2, -15, 0.532552651421
2, -14, 0.574690646014
2, -13, 0.753274184537
2, -12, 0.799967066547
2, -11, 0.814266667613
2, -10, 0.822329015149
2, -9, 0.82750104888
2, -8, 0.836321659824
2, -7, 0.839819182412
2, -6, 0.84727639811
2, -5, 0.852908287782
2, -4, 0.85807847378
2, -3, 0.865681659328
2, -2, 0.867200495108
2, -1, 0.869330006628
2, 0, 0.869483136794
2, 1, 0.869942297378
2, 2, 0.864009694083
2, 3, 0.854881665517
3, -15, 0.574690646014
3, -14, 0.753274184537
3, -13, 0.799967066547
3, -12, 0.814266667613
3, -11, 0.822329015149
3, -10, 0.827348841878
3, -9, 0.836473635508
3, -8, 0.839819182412
3, -7, 0.846820470357
3, -6, 0.851691787656
3, -5, 0.856860817768
3, -4, 0.863095526804
3, -3, 0.86750560166
3, -2, 0.86948198161
3, -1, 0.869026053154
3, 0, 0.868268022467
3, 1, 0.868116508015
3, 2, 0.861423560155
3, 3, 0.844997452593
4, -15, 0.753274184537
4, -14, 0.799967066547
4, -13, 0.814266667613
4, -12, 0.822329015149
4, -11, 0.82750104888
4, -10, 0.836473635508
4, -9, 0.839819644346
4, -8, 0.846364542603
4, -7, 0.851691787656
4, -6, 0.855948499625
4, -5, 0.859446025723
4, -4, 0.865073987208
4, -3, 0.867658039277
4, -2, 0.868872229737
4, -1, 0.867962683896
4, 0, 0.867205115845
4, 1, 0.86416097441
4, 2, 0.853664702053
4, 3, 0.834196537723
5, -15, 0.799967066547
5, -14, 0.814266667613
5, -13, 0.822329015149
5, -12, 0.82750104888
5, -11, 0.836473635508
5, -10, 0.839819182412
5, -9, 0.846212335601
5, -8, 0.851539118019
5, -7, 0.854428047429
5, -6, 0.858381732599
5, -5, 0.863095758121
5, -4, 0.866136663917
5, -3, 0.867962222665
5, -2, 0.86780932171
5, -1, 0.868724412856
5, 0, 0.866747568867
5, 1, 0.860967169766
5, 2, 0.840740277988
5, 3, 0.825524207699
6, -15, 0.814266667613
6, -14, 0.822329015149
6, -13, 0.82750104888
6, -12, 0.836473635508
6, -11, 0.839667437344
6, -10, 0.846212335601
6, -9, 0.851082728332
6, -8, 0.853971888358
6, -7, 0.856404890014
6, -6, 0.859294974608
6, -5, 0.865073293255
6, -4, 0.867504907707
6, -3, 0.870545813503
6, -2, 0.866593053604
6, -1, 0.868115354235
6, 0, 0.864771880063
6, 1, 0.858384966834
6, 2, 0.82735253594
6, 3, 0.822180275806
7, -15, 0.822329015149
7, -14, 0.82750104888
7, -13, 0.836321659824
7, -12, 0.839819182412
7, -11, 0.846212335601
7, -10, 0.851234935334
7, -9, 0.853819681356
7, -8, 0.85564524221
7, -7, 0.858382195234
7, -6, 0.862792729918
7, -5, 0.865376552776
7, -4, 0.868114197647
7, -3, 0.868418613054
7, -2, 0.866898160156
7, -1, 0.866596056521
7, 0, 0.864464461037
7, 1, 0.847579659035
7, 2, 0.8192941194
7, 3, 0.821875630485
8, -15, 0.827348841878
8, -14, 0.836473635508
8, -13, 0.839819182412
8, -12, 0.846212335601
8, -11, 0.851234935334
8, -10, 0.853211315986
8, -9, 0.855187928657
8, -8, 0.855794907526
8, -7, 0.857925112998
8, -6, 0.864464464547
8, -5, 0.866744566652
8, -4, 0.869786858248
8, -3, 0.86643969212
8, -2, 0.868115354937
8, -1, 0.866140588594
8, 0, 0.860967627487
8, 1, 0.834956414739
8, 2, 0.814727912162
8, 3, 0.821875630485
9, -15, 0.836321659824
9, -14, 0.839819644346
9, -13, 0.846516518287
9, -12, 0.851386911018
9, -11, 0.853058647051
9, -10, 0.855340135658
9, -9, 0.854426199696
9, -8, 0.855340135658
9, -7, 0.861727744244
9, -6, 0.865224807707
9, -5, 0.868418381034
9, -4, 0.869482444947
9, -3, 0.866288176966
9, -2, 0.866136663215
9, -1, 0.863857482869
9, 0, 0.85458094698
9, 1, 0.82187400705
9, 2, 0.806667182445
9, 3, 0.821875630485
10, -15, 0.839819182412
10, -14, 0.846364773218
10, -13, 0.851386911018
10, -12, 0.85351480542
10, -11, 0.855187466724
10, -10, 0.855187234704
10, -9, 0.855338980474
10, -8, 0.857316052973
10, -7, 0.863856330493
10, -6, 0.866744797268
10, -5, 0.869025361307
10, -4, 0.866743180853
10, -3, 0.866288870918
10, -2, 0.864160051948
10, -1, 0.862488543722
10, 0, 0.845756870483
10, 1, 0.815184529657
10, 2, 0.806666027963
10, 3, 0.821875630485
11, -15, 0.846516518287
11, -14, 0.851538886702
11, -13, 0.853211315986
11, -12, 0.854883745269
11, -11, 0.85503525902
11, -10, 0.855339443109
11, -9, 0.85534013636
11, -8, 0.860662988485
11, -7, 0.865224807707
11, -6, 0.867657346026
11, -5, 0.869482215735
11, -4, 0.866592822988
11, -3, 0.866135277415
11, -2, 0.863704815339
11, -1, 0.857924644045
11, 0, 0.836630920265
11, 1, 0.808949819919
11, 2, 0.806513590346
11, 3, 0.821875630485
12, -15, 0.851691093703
12, -14, 0.852906670665
12, -13, 0.855187235406
12, -12, 0.854579099949
12, -11, 0.854122710964
12, -10, 0.854579794604
12, -9, 0.857772673977
12, -8, 0.86400807486
12, -7, 0.866440845198
12, -6, 0.868721409237
12, -5, 0.867960144316
12, -4, 0.86583086271
12, -3, 0.866896542336
12, -2, 0.861880179053
12, -1, 0.854277454737
12, 0, 0.827657410472
12, 1, 0.802256642847
12, 2, 0.806513590346
12, 3, 0.821875630485
13, -15, 0.85321085335
13, -14, 0.853666320575
13, -13, 0.854426892947
13, -12, 0.854427818218
13, -11, 0.854122942281
13, -10, 0.85488305272
13, -9, 0.860966709237
13, -8, 0.865072369388
13, -7, 0.868113967031
13, -6, 0.869633267553
13, -5, 0.865526449409
13, -4, 0.864615055133
13, -3, 0.865376088736
13, -2, 0.863095523293
13, -1, 0.847586127505
13, 0, 0.820508537667
13, 1, 0.799976776271
13, 2, 0.806513590346
13, 3, 0.821875630485
14, -15, 0.854427586198
14, -14, 0.854122478944
14, -13, 0.853210624139
14, -12, 0.853818990914
14, -11, 0.854427124967
14, -10, 0.857316977541
14, -9, 0.864160513179
14, -8, 0.866897466905
14, -7, 0.868569664169
14, -6, 0.867504679198
14, -5, 0.866744567354
14, -4, 0.865982377163
14, -3, 0.864160744497
14, -2, 0.856859428458
14, -1, 0.840740277988
14, 0, 0.813817670964
14, 1, 0.797697600138
14, 2, 0.806513590346
14, 3, 0.821875630485
15, -15, 0.853818526874
15, -14, 0.853362369207
15, -13, 0.853514114275
15, -12, 0.854274686648
15, -11, 0.854578868631
15, -10, 0.860509626299
15, -9, 0.865377014709
15, -8, 0.867353394659
15, -7, 0.869633266851
15, -6, 0.866894463988
15, -5, 0.864462155583
15, -4, 0.866742948131
15, -3, 0.862182746026
15, -2, 0.854883048508
15, -1, 0.833132471002
15, 0, 0.808035654043
15, 1, 0.797697600138
15, 2, 0.806513590346
15, 3, 0.821875630485
